92.00 72.00 160.00 101.00 146.00 116.00 87.00 74.00 97.00 77.00 
85.00 127.00 117.00 113.00 134.00 63.00 158.00 92.00 75.00 137.00 
161.00 114.00 29.00 101.00 112.00 84.00 49.00 71.00 60.00 122.00 
129.00 48.00 67.00 99.00 86.00 122.00 166.00 91.00 159.00 40.00 
132.00 110.00 119.00 164.00 126.00 96.00 64.00 135.00 164.00 57.00 
133.00 49.00 118.00 91.00 95.00 119.00 97.00 16.00 116.00 69.00 
41.00 108.00 151.00 104.00 112.00 34.00 87.00 44.00 107.00 124.00 
100.00 116.00 181.00 95.00 153.00 151.00 177.00 115.00 59.00 99.00 
56.00 104.00 105.00 149.00 99.00 60.00 73.00 125.00 63.00 42.00 
153.00 121.00 121.00 65.00 114.00 189.00 47.00 65.00 155.00 133.00 
