51 19 71 81 94 66 50 45 76 5 43 59 20 83 59 24 66 74 6 46 81 75 23 14 85 6 0 68 51 65 87 32 1 43 9 44 70 30 67 8 72 15 42 75 53 93 41 64 87 8 39 37 93 73 62 58 4 11 95 36 31 63 93 7 42 6 69 23 65 40 63 86 91 0 65 69 80 80 57 84 13 66 88 99 0 17 9 55 16 26 73 70 29 34 61 93 24 19 88 79 73 40 95 100 49 89 85 70 61 53 27 12 8 94 90 32 37 44 5 41 22 51 68 10 69 79 77 1 37 72 14 82 98 53 59 19 1 71 65 75 78 25 16 26 5 35 28 16 5 83
49 29 81 34 71 93 50 79 83 55 53 1 62 79 67 0 56 57 43 75 97 3 61 19 63 11 47 60 41 14 96 87 89 89 9 73 44 1 76 83 55 51 13 91 94 93 94 10 59 0 5 3 9 34 58 17 98 17 0 60 20 38 79 86 89 47 23 50 63 81 78 91 59 41 28 54 75 85 88 48 0 23 72 63 7 14 83 6 60 34 61 54 49 66 1 96 27 100 46 61 19 33 61 35 83 94 94 3 26 93 51 15 96 89 99 41 34 41 80 25 55 51 27 75 29 95 46 57 56 35 13 38 70 54 9 90 66 4 68 59 56 32 17 50 19 84 16 26 51 76
66 93 99 31 66 89 44 61 65 91 2 56 21 11 45 10 59 35 94 18 96 28 75 53 80 22 74 95 37 2 68 18 0 60 32 87 59 35 11 31 34 17 36 42 38 40 2 66 66 84 5 13 13 7 9 49 9 18 16 47 42 59 90 79 34 83 87 95 0 26 18 55 21 86 1 65 4 94 88 26 93 94 75 1 10 41 12 62 35 45 62 44 36 40 59 48 35 81 36 71 96 45 18 28 81 98 68 57 90 8 4 98 100 41 75 27 39 89 59 78 83 59 32 71 83 93 11 23 22 20 20 20 18 40 43 84 11 32 2 82 24 37 6 23 24 14 94 21 84 9
52 67 98 10 37 37 88 47 66 3 20 95 35 2 65 66 27 96 81 49 31 65 64 57 71 91 40 77 19 32 30 93 27 98 35 19 40 63 63 39 10 53 17 44 26 35 11 31 73 71 51 12 91 54 1 100 71 70 26 68 65 70 55 31 37 95 28 28 41 89 50 35 27 68 86 77 34 15 13 96 1 34 25 34 69 100 94 53 40 1 36 80 88 3 93 66 56 69 76 89 53 30 83 27 35 60 42 18 30 96 92 88 46 91 26 9 44 79 34 17 48 55 49 74 0 97 92 8 44 77 88 77 27 41 96 38 55 25 14 98 34 48 98 36 16 21 47 52 59 16
23 79 85 85 9 39 65 1 100 79 6 98 46 64 53 75 64 36 13 43 8 46 82 4 40 67 86 16 23 10 86 97 90 61 69 79 16 26 92 57 41 86 61 9 9 29 6 90 95 85 85 54 49 58 58 89 44 10 23 71 98 50 20 20 45 36 88 66 80 76 19 62 19 56 66 91 0 64 49 39 78 52 21 72 3 51 60 95 86 93 68 90 36 8 95 95 62 33 45 33 75 53 26 73 19 69 63 39 14 66 37 57 87 2 79 43 60 42 28 26 100 70 38 63 60 11 56 82 55 11 89 24 86 85 4 48 0 85 56 5 94 0 12 28 26 41 49 13 1 30
82 73 48 72 67 68 66 61 22 20 60 67 72 4 43 16 99 62 98 91 20 83 49 69 81 47 16 52 27 7 3 73 96 19 15 91 87 5 62 22 24 93 55 99 59 88 86 64 36 51 52 9 3 37 12 33 23 52 82 2 62 51 28 78 47 71 74 85 23 32 22 76 66 46 49 88 16 84 86 20 28 13 34 0 51 92 20 4 50 85 31 15 41 6 50 94 58 52 4 60 15 95 91 37 39 90 19 99 86 36 70 5 100 52 59 49 49 4 20 91 44 81 56 63 70 64 36 47 37 85 31 12 43 53 19 82 68 9 70 1 53 3 95 75 38 74 4 43 57 80
11 30 5 100 11 51 44 2 65 45 60 24 72 21 50 1 58 84 63 97 88 25 28 91 22 55 11 20 77 38 33 87 62 82 28 1 62 49 6 92 9 43 44 82 96 45 68 95 31 98 93 80 59 92 19 3 29 26 53 42 83 37 32 32 50 65 54 87 75 64 77 36 40 74 29 55 48 17 51 11 75 66 100 54 91 80 40 24 32 90 8 13 56 82 0 83 26 45 13 89 99 12 92 98 14 74 35 92 40 75 79 36 50 32 20 37 12 7 82 78 33 92 33 89 55 60 96 74 15 53 18 90 52 38 33 45 34 1 79 24 33 71 80 55 20 17 83 39 51 91
92 3 92 28 53 63 58 40 24 81 95 38 68 90 65 17 40 19 92 7 45 11 57 8 93 84 42 71 32 21 19 71 74 52 30 45 39 91 20 5 13 11 4 10 22 61 53 85 27 37 44 49 66 8 91 100 58 43 66 83 66 94 15 77 18 39 24 90 79 55 19 11 11 33 44 91 0 94 13 29 25 26 4 25 92 65 14 47 37 53 98 38 41 17 6 79 41 62 30 73 4 10 17 26 92 64 53 84 94 3 21 43 85 56 73 50 7 98 52 8 35 49 7 38 52 12 51 41 92 31 91 40 4 32 15 90 67 86 78 41 65 48 38 59 25 44 2 81 69 54
36 100 6 42 4 28 51 47 84 60 46 74 64 21 43 32 76 26 37 46 0 36 78 54 83 75 54 79 71 85 2 7 19 89 54 2 65 5 67 84 70 97 27 5 34 81 39 99 28 98 34 48 89 20 46 15 96 18 3 7 29 55 57 22 25 77 44 1 9 76 50 4 6 79 24 44 8 30 43 70 58 67 41 86 81 20 29 27 69 100 92 84 5 27 59 46 83 41 9 90 67 53 22 30 14 91 8 65 40 44 27 42 96 74 5 16 29 73 79 54 64 67 2 63 79 13 80 46 56 90 68 62 48 36 91 9 2 10 25 11 39 81 53 53 12 86 86 0 34 42
34 31 72 18 88 69 87 98 72 44 22 28 53 82 90 71 3 94 16 23 28 94 26 80 57 56 41 42 82 63 31 77 51 59 80 82 69 21 48 48 16 79 3 41 0 82 4 34 93 21 47 19 55 47 20 9 37 69 44 15 91 100 78 59 39 87 79 0 78 6 48 10 8 29 72 80 22 57 9 0 62 13 0 95 2 90 31 22 43 99 10 76 19 55 56 35 40 11 20 33 98 56 53 99 50 67 62 58 16 25 35 51 26 13 94 6 29 37 29 42 85 89 38 27 1 36 51 48 88 72 88 41 19 73 44 47 41 32 8 79 27 18 2 25 56 81 76 53 47 52
78 81 16 57 75 76 18 87 51 48 49 45 13 86 36 34 100 43 94 4 44 39 69 6 51 72 97 34 65 68 76 43 7 46 60 67 2 50 65 38 7 79 31 23 42 71 86 50 87 91 68 45 82 20 82 63 61 73 78 91 27 35 36 87 62 8 57 71 8 19 69 93 86 20 47 63 54 90 4 52 7 81 59 81 39 94 63 97 82 91 43 15 15 26 24 24 84 17 100 94 20 80 97 1 16 18 20 96 59 75 27 72 98 5 4 8 59 32 27 10 34 94 91 68 32 39 15 27 10 96 100 10 54 99 33 90 5 22 68 4 81 78 55 80 79 20 57 14 39 80
92 80 36 96 81 26 81 82 3 4 8 11 90 23 73 45 54 0 40 43 72 56 18 76 26 74 29 55 18 24 40 78 77 20 82 23 17 28 96 13 71 95 16 69 85 85 91 7 62 65 82 39 76 45 23 66 33 100 58 43 26 80 45 74 10 97 49 47 52 17 9 64 5 36 29 78 13 76 29 26 72 32 69 2 26 62 56 69 92 84 81 94 38 30 18 89 76 65 71 79 56 10 4 24 87 80 11 59 74 37 92 84 47 76 97 30 59 30 45 1 77 11 67 68 81 71 45 99 32 92 60 85 30 84 35 53 43 67 7 94 49 97 88 52 65 24 18 46 2 85
18 94 55 72 20 32 11 47 25 43 76 50 80 90 43 84 85 94 64 96 14 55 69 31 10 90 13 57 83 44 85 91 36 84 2 5 29 44 35 69 76 16 84 90 53 37 8 26 23 32 12 82 54 43 35 13 65 55 4 21 19 90 55 72 27 57 18 3 16 27 84 34 33 40 48 79 56 71 56 51 46 2 33 99 62 64 34 38 8 80 9 75 55 71 69 21 73 88 48 46 41 44 97 85 98 97 75 28 57 7 24 0 73 13 25 87 85 82 0 35 9 34 39 20 27 0 75 16 27 18 57 82 55 26 89 30 64 5 29 7 72 91 0 99 56 92 7 55 59 49
47 99 10 86 49 24 48 58 26 40 67 41 10 83 89 59 82 80 71 5 53 61 31 60 25 4 89 27 92 75 20 40 24 52 59 31 43 65 69 99 23 6 70 95 45 41 55 95 98 76 29 87 2 57 67 57 95 28 10 58 41 77 60 85 61 2 46 38 6 41 44 71 95 5 99 27 21 77 18 38 48 1 31 47 0 2 66 23 45 87 53 16 94 62 89 5 54 76 48 10 43 5 73 29 73 39 89 17 59 90 42 49 47 100 9 17 55 11 33 1 10 42 12 4 23 45 74 85 93 4 0 9 93 74 81 6 73 28 83 6 88 65 35 3 77 5 61 26 15 59
70 68 12 92 90 16 12 72 9 47 2 25 7 58 53 13 7 7 73 24 61 59 1 69 82 48 51 42 65 98 69 11 66 92 9 81 43 9 32 39 58 62 82 64 6 39 76 5 10 22 10 51 49 50 47 81 26 77 28 95 96 36 51 66 18 87 87 32 21 95 88 67 80 43 10 75 66 27 9 76 69 58 71 78 65 96 17 37 51 17 31 44 89 21 53 0 71 37 19 11 52 3 34 1 96 73 73 16 30 55 62 66 56 2 30 3 42 22 70 45 36 42 7 36 29 67 45 95 56 78 19 28 62 28 66 14 10 18 38 67 39 15 7 36 25 70 46 44 78 40
14 42 30 66 87 17 100 37 71 29 33 18 53 49 66 48 37 14 47 15 57 100 54 39 21 56 59 26 47 27 85 100 25 24 85 60 8 76 22 58 65 83 44 57 36 52 54 51 89 100 1 44 3 36 80 1 47 53 96 2 18 94 78 56 0 67 36 67 48 2 55 30 45 10 3 24 92 7 67 17 55 10 46 13 95 79 67 44 13 30 7 67 76 87 23 74 56 36 84 71 15 32 50 3 74 17 67 74 87 18 39 100 35 57 11 69 1 6 20 25 42 68 63 23 64 21 68 7 89 23 80 1 41 71 10 18 87 70 71 87 84 35 15 49 92 47 78 98 88 19
22 44 36 62 64 98 87 22 45 74 17 4 37 41 10 37 67 90 49 16 97 34 10 13 48 11 20 7 60 30 7 91 73 8 62 0 83 38 100 15 43 89 11 85 65 37 91 73 1 29 61 100 92 57 94 24 84 87 66 43 52 32 78 4 42 30 66 33 42 65 70 1 24 27 67 40 61 75 67 72 32 35 27 60 9 65 31 82 76 95 95 94 68 63 4 46 85 38 1 88 91 25 67 80 11 99 98 88 55 100 89 19 25 45 44 57 52 44 24 89 76 75 42 10 38 50 58 52 46 71 35 97 65 28 41 28 63 86 6 29 72 55 62 68 35 73 14 6 91 40
45 30 13 79 15 69 4 86 37 88 87 32 51 7 11 3 8 11 50 75 27 5 2 50 20 96 51 9 36 88 26 6 68 65 63 6 60 40 21 20 41 77 65 40 19 79 65 26 80 35 8 39 23 87 37 31 31 12 44 23 98 70 39 76 25 94 97 26 15 49 77 4 0 17 61 47 73 65 38 12 54 36 52 55 79 92 14 78 49 95 61 91 61 10 91 84 34 56 74 2 87 86 50 43 13 53 54 26 74 56 24 53 6 54 31 7 12 10 87 49 33 6 70 35 46 81 75 62 86 11 2 42 53 46 13 59 20 88 88 93 40 69 73 48 77 95 72 26 69 45
82 66 39 83 74 60 84 59 68 17 68 30 48 43 91 28 44 41 45 51 39 52 73 69 81 82 27 11 68 16 6 33 36 60 65 31 77 39 22 42 86 63 59 26 72 88 29 0 59 78 12 13 23 58 49 69 95 21 61 19 21 30 62 88 20 19 28 66 8 25 49 60 83 20 52 99 91 58 66 53 72 90 66 84 88 34 83 75 52 68 5 93 85 6 39 20 73 78 62 83 68 29 56 65 26 27 6 76 88 31 41 7 78 8 56 28 86 100 50 21 91 94 1 38 23 42 8 96 36 43 83 10 41 69 69 81 87 33 33 38 1 78 41 48 44 38 51 89 67 48
18 19 74 87 26 19 87 18 7 75 48 93 24 45 51 49 87 98 59 0 52 38 44 96 56 51 28 93 93 29 9 70 61 80 67 72 88 97 19 16 10 2 82 18 80 16 34 0 99 2 54 61 85 59 0 18 50 10 71 78 3 12 86 59 13 84 49 79 46 38 19 10 2 56 82 45 56 69 90 50 32 62 11 56 7 67 36 89 92 14 42 34 24 40 1 76 29 41 41 91 53 9 3 22 40 68 49 35 24 100 61 67 37 63 5 0 40 4 21 23 59 76 19 50 67 44 55 14 31 59 94 7 24 44 51 23 63 11 7 51 19 85 43 38 6 29 92 13 39 63
11 47 57 26 44 56 71 87 36 67 93 85 51 68 14 11 39 13 41 100 35 7 84 56 92 31 32 34 22 3 20 31 100 91 20 63 19 11 40 35 0 37 51 12 38 22 95 39 56 30 39 16 94 10 30 62 79 52 38 65 96 54 56 91 2 5 11 95 36 24 1 77 64 65 4 86 41 73 50 61 74 26 84 80 89 56 11 83 100 64 54 31 12 46 57 55 7 58 23 27 6 67 7 5 73 94 98 70 69 86 25 26 50 24 79 63 49 32 49 54 93 63 52 28 58 3 71 50 70 31 61 6 49 44 100 11 28 6 97 64 46 50 27 93 60 93 98 61 76 1
92 21 38 9 18 74 43 88 14 29 46 43 26 30 58 11 38 72 72 38 33 59 0 29 51 49 34 26 1 45 78 9 11 19 54 62 28 6 66 26 50 3 17 84 60 8 50 96 74 25 27 50 80 66 13 82 19 89 87 78 57 79 55 40 79 4 99 59 45 42 89 23 78 69 22 8 30 9 16 0 50 51 98 36 83 48 54 63 53 63 78 66 79 76 86 55 94 65 0 86 75 3 17 26 22 38 39 87 92 37 39 1 78 45 18 40 77 10 89 70 4 30 89 18 99 5 5 62 82 47 77 63 73 28 16 20 51 31 97 3 99 29 93 91 68 64 20 35 21 52
8 63 79 76 94 49 43 30 52 83 16 2 76 72 29 84 1 46 79 4 85 62 87 37 100 84 71 90 35 72 31 85 21 41 59 66 71 49 64 62 69 3 36 73 39 57 36 11 19 84 82 49 63 20 19 66 33 75 15 80 74 89 22 89 67 99 3 80 59 4 60 66 63 24 64 49 93 45 6 37 43 46 32 55 36 97 67 37 62 4 1 97 26 17 89 94 24 48 20 38 31 39 66 87 9 55 63 32 98 7 19 72 55 60 26 20 21 66 19 35 80 60 25 0 35 73 57 62 65 12 98 91 85 1 48 39 80 61 21 90 87 81 43 94 21 70 97 55 55 18
52 54 19 54 76 64 55 31 23 39 5 94 18 38 17 93 20 85 88 94 40 88 49 71 86 46 58 73 33 32 7 20 97 6 65 75 69 56 3 59 96 98 37 18 17 65 85 92 41 87 32 47 31 2 56 46 47 33 71 92 54 3 88 78 86 29 90 3 67 65 44 53 53 85 49 0 3 50 27 66 59 78 10 87 51 9 99 49 27 48 35 32 53 53 32 65 82 34 49 87 0 97 94 91 8 65 57 89 91 23 52 38 84 9 87 13 86 28 52 5 82 40 53 37 61 75 95 96 100 79 6 45 27 22 21 52 23 22 80 6 16 2 25 51 88 87 11 47 21 81
48 21 2 97 71 32 69 7 11 1 60 92 63 36 10 38 65 69 57 51 25 73 4 22 70 65 56 62 79 83 42 50 3 19 53 31 46 9 3 32 25 72 70 99 84 32 75 4 6 20 56 37 19 41 37 7 70 5 81 61 61 24 30 99 37 10 70 40 71 66 3 28 89 77 68 20 83 21 51 85 58 25 21 36 9 82 2 55 65 63 31 66 37 67 76 12 12 27 67 18 64 15 57 83 72 24 37 53 64 90 6 3 61 20 47 38 2 67 38 93 64 37 87 20 26 44 14 25 64 58 23 72 100 87 4 79 66 9 11 84 86 97 20 75 47 46 25 71 3 33
62 53 55 8 1 16 14 0 92 64 17 95 73 67 86 97 70 20 7 24 25 63 88 45 19 88 35 25 11 4 84 76 17 72 67 80 17 9 87 20 79 30 71 19 64 56 26 71 34 52 60 58 21 81 60 35 70 36 57 7 32 2 72 19 41 68 57 42 74 10 63 73 74 22 52 28 14 35 71 71 34 99 95 81 62 45 56 59 96 54 45 31 62 9 7 54 30 12 38 85 43 44 74 13 2 41 74 67 60 28 49 4 34 56 48 3 41 21 44 17 8 68 0 56 29 91 64 93 44 15 68 54 36 98 9 78 16 52 96 54 25 58 39 0 5 86 65 46 55 66
64 97 16 48 46 75 85 51 100 50 72 89 8 60 30 71 98 48 23 85 0 62 10 59 71 35 16 44 51 49 16 23 37 18 43 64 10 39 10 43 77 67 0 7 97 63 56 32 44 27 84 75 20 99 87 14 58 53 56 35 8 76 16 80 18 79 25 72 8 55 99 85 28 15 24 37 83 67 44 53 60 20 76 85 87 100 59 91 16 51 35 74 83 64 23 5 27 53 80 19 49 23 43 10 91 55 16 24 15 97 99 54 98 75 84 68 71 85 76 98 99 73 50 34 69 61 69 87 22 100 60 26 93 5 0 30 82 1 99 74 53 18 15 100 5 93 75 56 13 89
93 89 76 72 21 32 2 1 7 41 34 75 99 96 1 47 26 54 92 44 2 100 19 11 77 82 10 18 96 34 48 2 47 46 18 67 95 74 96 75 20 98 93 69 35 33 27 14 22 62 45 55 39 93 22 35 28 20 60 10 22 65 0 21 24 6 91 9 62 42 32 22 3 67 73 87 51 68 94 95 11 46 32 71 79 2 59 31 17 65 77 49 8 73 15 59 15 33 41 26 58 3 35 52 81 7 77 61 15 55 77 8 36 46 59 57 49 83 39 76 35 9 7 74 70 13 97 53 97 100 99 58 94 39 95 49 74 22 46 44 84 68 46 17 14 40 3 22 74 16
28 66 28 95 37 85 37 88 19 71 4 47 33 92 41 12 3 1 22 77 72 84 13 48 48 97 12 26 90 23 90 4 19 72 75 23 59 68 53 52 1 51 52 30 1 92 45 17 63 18 78 28 58 17 46 17 44 75 11 92 5 69 13 48 61 56 0 91 60 54 84 59 30 19 52 96 50 63 97 73 63 89 50 7 49 53 8 41 0 66 6 6 34 95 40 89 4 17 7 51 87 20 67 70 68 1 60 8 34 93 78 47 94 86 61 91 51 85 21 37 97 60 3 42 64 34 23 78 31 7 22 37 64 52 4 96 8 28 31 5 23 6 23 81 56 12 13 62 39 9
97 95 22 6 24 17 18 22 79 8 95 27 72 98 52 55 69 69 43 71 82 88 46 0 50 65 28 80 95 53 3 72 28 11 0 23 63 85 94 46 65 45 58 71 45 68 68 11 11 3 97 91 82 81 12 96 16 23 1 21 16 16 60 21 55 41 1 90 63 81 53 34 63 48 34 94 90 15 66 34 43 35 8 51 80 66 14 77 6 39 1 25 78 77 14 40 96 36 2 52 79 14 5 54 60 40 77 23 49 6 28 46 26 57 14 92 68 23 22 4 46 81 55 12 59 56 8 59 70 90 68 90 46 31 77 95 70 14 23 49 50 67 44 74 36 65 48 67 86 44
1 48 86 53 3 10 16 86 23 70 59 84 79 76 49 53 85 47 89 60 52 15 74 88 41 8 95 30 54 7 34 50 5 9 38 77 58 16 42 41 67 67 76 2 97 28 55 23 62 29 61 25 32 58 53 21 50 87 88 83 42 13 90 10 89 96 51 69 50 52 60 21 33 11 75 27 51 50 57 87 68 28 39 7 42 59 20 86 83 58 78 8 100 30 45 10 69 81 41 43 67 78 29 77 3 46 40 85 44 14 79 5 90 90 65 94 34 89 41 96 85 12 87 72 4 6 4 58 50 12 17 85 71 35 18 33 71 99 29 32 26 67 81 73 55 55 58 33 91 13
17 92 7 38 11 32 10 100 98 32 2 96 37 70 92 47 0 7 81 48 34 91 51 20 0 82 86 69 33 98 8 37 29 8 26 97 77 74 86 97 35 85 23 39 73 74 22 9 74 20 21 70 78 36 24 47 69 0 66 57 54 5 31 11 10 95 72 12 24 72 88 13 6 75 24 65 71 0 24 89 98 22 62 55 73 10 23 55 100 97 18 44 10 71 74 50 48 19 71 3 34 96 40 98 12 32 1 88 95 98 91 51 31 79 39 19 0 38 45 50 48 41 75 73 97 34 32 57 50 59 43 80 67 48 34 52 12 32 5 22 100 86 65 10 45 80 87 38 78 97
0 49 93 49 96 50 85 5 15 70 35 65 54 69 14 28 69 84 87 38 67 89 23 55 42 96 51 4 53 32 33 7 96 99 73 7 79 89 83 13 36 100 25 66 79 51 73 73 74 45 93 80 74 64 5 47 52 21 66 7 11 9 23 79 73 6 6 93 30 47 97 77 30 1 34 38 70 16 42 86 71 29 9 61 75 40 24 79 75 86 75 97 37 25 4 53 61 94 64 91 41 35 35 82 97 59 8 16 21 85 26 22 14 54 26 21 6 7 46 72 55 42 54 31 3 55 38 74 30 91 69 10 95 25 24 24 97 83 61 48 79 49 83 36 18 63 85 4 11 27
2 36 51 45 52 97 24 65 83 1 64 6 1 45 96 11 24 14 10 71 1 14 89 96 40 71 55 59 96 63 96 81 98 85 57 18 95 29 81 90 87 11 28 91 40 97 10 15 96 85 88 61 21 82 61 60 65 80 67 76 31 14 1 37 95 39 35 90 82 64 89 45 67 59 48 69 44 76 6 94 5 8 80 24 4 95 23 83 2 38 78 73 77 30 89 51 38 76 48 23 29 61 87 0 76 4 36 77 9 83 39 68 14 45 6 70 57 30 65 75 1 88 99 78 24 7 10 6 65 43 99 89 99 18 93 74 77 68 19 71 81 76 66 13 30 95 67 56 0 85
22 30 95 66 35 62 55 97 84 14 60 15 29 82 90 29 62 95 10 2 13 41 37 80 75 48 85 44 2 32 8 82 9 26 35 4 21 4 30 94 6 71 12 73 23 36 98 84 90 21 11 24 98 34 81 39 26 23 1 39 70 49 44 29 97 28 26 33 74 60 95 79 70 76 2 60 97 77 64 98 87 9 91 28 58 29 51 55 61 68 15 7 81 65 43 19 84 7 91 100 30 43 4 14 82 14 54 18 23 81 8 44 36 41 68 26 38 71 86 97 48 90 15 26 5 14 20 0 37 77 80 31 64 70 26 69 97 77 92 53 14 58 64 87 85 67 52 59 61 35
71 28 58 45 64 17 44 59 96 78 79 16 76 23 44 85 52 10 71 69 86 36 12 44 37 14 51 94 24 90 61 74 81 8 52 77 30 54 25 0 57 16 25 29 36 3 32 92 68 37 69 47 87 99 91 88 72 33 35 20 27 93 75 10 0 67 48 9 95 42 31 51 77 81 53 21 78 60 7 30 77 47 22 66 50 46 32 48 68 30 25 88 99 76 50 6 33 68 59 5 1 95 36 32 2 57 21 52 16 74 25 7 0 30 6 9 19 95 14 72 7 29 54 67 56 82 53 92 45 23 3 11 7 69 63 64 5 26 19 17 16 10 10 26 73 56 48 99 13 62
79 85 64 100 50 49 13 66 67 10 42 3 7 45 9 75 55 1 41 24 48 23 73 50 32 56 87 22 53 12 0 26 75 82 24 57 7 91 86 98 76 70 83 88 58 70 69 33 25 72 64 55 8 46 17 86 65 77 42 73 35 33 95 52 70 66 19 47 29 14 72 47 52 61 45 10 14 33 64 9 29 15 97 7 63 6 95 13 8 48 28 21 32 13 61 84 51 98 26 28 89 42 71 50 65 65 84 57 96 11 92 85 21 8 52 43 14 95 43 62 3 80 28 94 72 85 93 21 32 40 46 23 78 89 81 68 11 37 45 87 29 87 21 10 72 33 25 20 56 76
75 48 58 43 17 89 22 31 27 9 19 70 100 23 30 90 98 15 42 57 27 81 85 12 80 0 64 47 15 37 40 3 63 47 34 19 6 2 24 94 4 41 48 63 50 47 11 55 14 47 28 10 28 35 46 61 34 23 56 48 64 93 36 31 51 94 45 62 95 8 93 29 75 43 0 27 25 62 29 80 77 89 69 8 2 85 22 69 69 9 73 68 51 24 85 31 92 35 0 61 84 18 65 30 79 58 36 11 75 88 58 60 14 34 81 55 92 35 61 31 86 18 36 7 20 92 14 70 56 84 64 77 35 50 40 27 23 14 75 89 75 16 86 5 8 58 45 3 16 63
7 3 65 2 62 80 82 67 38 0 45 49 70 60 68 45 3 28 47 68 28 5 32 32 37 91 4 46 47 64 89 25 12 78 64 51 88 49 47 37 63 99 73 51 51 39 57 16 32 65 73 97 5 17 8 42 93 44 36 80 19 94 79 20 37 1 71 56 61 22 89 58 29 100 17 57 34 28 67 58 21 65 24 14 32 65 10 65 16 89 27 71 32 2 19 90 41 9 94 8 75 88 47 89 75 77 67 19 55 10 89 14 90 30 53 69 98 99 31 11 40 32 24 24 50 9 0 59 67 8 93 2 100 78 70 27 19 38 40 2 90 89 52 98 92 75 83 0 26 97
71 61 79 17 29 1 34 75 99 8 80 63 96 3 40 31 72 20 9 30 90 52 80 83 74 36 78 72 6 10 5 32 97 90 97 79 56 13 51 73 81 32 33 31 64 20 56 77 65 2 50 72 22 18 16 0 59 26 2 80 22 54 33 72 43 15 78 85 33 44 71 31 49 86 2 75 88 60 39 83 81 31 80 63 82 99 34 20 30 41 96 39 61 12 56 44 3 19 6 92 43 5 63 59 3 3 17 37 61 39 99 13 2 98 52 87 13 95 62 28 90 46 49 74 52 40 26 1 58 60 71 88 7 44 48 80 68 3 26 1 0 79 8 45 8 73 26 12 3 76
22 41 15 79 52 83 68 26 65 83 25 78 37 28 79 6 83 75 52 64 81 88 87 30 83 40 15 91 20 78 48 9 88 8 38 64 29 70 100 34 64 73 84 29 65 68 27 86 90 62 87 39 28 72 92 97 32 78 91 18 50 81 23 10 56 60 100 65 35 88 65 24 45 59 100 99 44 57 47 26 97 86 11 90 11 7 38 2 36 18 11 74 6 33 26 2 2 92 70 96 71 85 66 95 60 44 14 23 13 0 97 37 57 44 53 93 91 48 37 63 75 19 74 88 42 10 24 55 53 28 21 29 17 7 65 83 53 99 53 58 79 3 19 35 54 91 98 29 68 29
71 4 46 33 15 96 59 60 41 4 6 26 18 22 81 70 77 96 72 56 26 72 70 40 62 46 14 39 81 60 20 89 52 37 84 10 28 37 18 84 73 74 14 12 11 26 77 47 30 80 61 41 93 14 60 71 26 81 12 44 71 40 1 51 61 12 5 65 18 48 1 100 15 30 46 80 17 78 39 30 76 60 28 72 67 49 29 79 33 53 6 65 5 48 39 46 19 88 4 47 57 32 6 12 32 91 91 100 22 36 90 85 7 66 84 14 59 23 19 2 49 62 37 14 46 29 14 35 4 79 11 79 73 2 56 9 8 11 62 23 40 3 89 3 84 87 33 29 88 67
13 100 4 70 10 89 62 83 43 67 75 2 79 42 45 1 96 86 19 53 2 8 21 96 100 50 51 78 91 27 98 85 12 76 24 92 23 21 9 52 31 61 89 27 16 33 42 81 11 33 59 67 16 94 70 31 67 3 3 25 40 33 52 12 70 10 70 14 68 80 75 74 73 90 13 53 56 47 11 25 47 96 80 19 60 71 99 66 68 1 32 20 39 55 84 30 92 84 68 85 1 62 72 88 33 17 49 34 64 15 99 29 24 84 33 8 58 85 91 47 2 70 61 57 40 66 83 64 71 80 0 12 94 33 36 62 90 52 32 84 27 23 39 55 96 56 11 66 40 72
56 88 41 62 88 38 72 37 94 39 0 24 16 80 36 88 45 73 19 57 42 88 71 68 97 31 96 28 87 80 70 18 77 40 75 8 12 69 73 40 4 86 50 90 73 60 61 4 84 40 85 52 41 68 84 71 9 65 57 22 48 38 74 94 90 24 48 73 43 2 63 93 8 38 22 25 72 29 1 59 10 9 41 85 16 19 10 6 94 31 95 14 84 48 48 98 12 35 41 60 77 73 38 3 99 9 44 91 26 38 3 40 10 83 27 45 90 56 98 81 94 34 71 56 96 81 1 38 41 18 31 59 9 41 52 8 71 69 62 6 95 70 100 59 59 31 23 59 60 38
9 65 88 60 67 12 38 45 26 67 52 33 45 40 55 94 99 76 51 34 43 30 4 55 87 71 26 99 24 92 75 54 66 37 45 85 35 8 60 87 12 14 73 43 47 64 86 13 99 38 38 43 44 54 73 9 15 65 52 57 38 100 77 89 42 55 1 74 67 12 85 86 49 47 69 0 72 92 25 59 84 49 39 62 14 28 52 20 49 76 85 30 73 78 46 47 78 31 19 39 43 42 29 3 75 96 62 24 97 84 51 89 60 56 28 75 39 0 48 48 27 76 99 76 23 18 74 50 66 99 8 41 60 40 74 46 53 26 33 62 18 87 96 84 1 89 76 88 81 74
12 96 17 43 53 2 32 96 60 92 62 79 40 64 45 94 72 83 45 66 43 93 70 17 66 33 64 38 55 88 45 82 84 52 66 30 48 15 48 65 73 10 26 30 55 46 12 60 1 17 94 94 75 17 71 60 57 4 21 12 97 24 46 73 48 46 76 21 63 20 53 66 78 7 67 45 14 85 24 89 100 87 65 10 84 51 6 77 66 18 67 69 78 55 39 3 94 8 13 65 34 27 49 67 12 44 90 48 11 84 4 21 90 12 100 67 50 8 58 15 93 99 82 11 59 17 88 75 29 43 70 86 37 40 20 19 81 56 34 78 37 59 77 51 83 87 15 73 13 4
75 97 4 24 46 37 21 84 11 45 42 70 38 30 19 89 7 54 62 8 84 100 44 23 18 3 23 42 25 0 53 13 89 42 79 25 24 29 67 17 66 17 43 13 41 68 55 100 19 85 37 37 60 20 13 32 24 6 79 42 77 42 29 59 38 91 99 7 95 88 51 66 92 46 89 8 89 86 29 33 95 38 89 98 90 11 3 96 70 42 29 8 6 26 88 99 60 10 32 20 53 55 67 58 53 61 29 35 28 79 91 57 46 92 78 9 44 80 81 77 96 9 12 41 69 51 73 65 65 100 13 68 91 22 59 59 7 68 76 79 16 96 59 0 14 26 63 10 50 18
45 40 86 29 94 4 32 50 48 73 54 4 72 88 41 67 47 50 16 26 38 42 96 87 7 51 77 68 91 75 9 45 28 66 27 76 73 10 86 3 3 77 21 92 38 87 35 3 16 20 29 75 19 58 4 40 93 26 76 92 49 34 70 99 23 75 91 42 98 55 83 78 86 44 38 80 95 73 54 14 84 100 36 74 54 67 99 17 67 69 38 73 71 75 43 89 56 1 11 42 21 57 36 91 4 81 15 50 100 20 26 43 92 48 92 63 50 54 22 79 24 20 45 14 76 71 99 85 40 32 57 50 51 54 91 38 79 21 98 22 71 64 63 92 52 9 70 19 68 68
12 82 70 87 40 39 0 24 100 98 64 83 42 22 49 48 10 5 88 9 68 76 80 53 23 87 58 88 100 59 73 38 6 41 16 93 58 15 89 84 5 51 67 28 75 11 63 46 73 33 77 79 47 96 73 57 83 29 100 91 36 47 76 38 47 63 20 67 81 76 54 99 70 99 70 15 19 0 99 35 28 34 87 85 37 75 73 45 65 64 18 100 63 29 15 82 0 55 68 27 85 97 27 99 70 14 30 7 38 62 80 59 27 3 49 1 55 1 65 28 73 3 36 69 70 4 48 78 98 20 39 18 66 1 7 81 52 74 70 65 100 89 25 11 2 9 80 69 83 48
63 3 59 21 98 72 85 32 5 93 64 32 25 80 90 41 49 47 61 8 38 88 36 82 15 24 57 35 92 13 24 34 20 99 64 89 9 94 36 77 100 23 86 82 76 71 81 98 91 19 34 80 28 81 18 81 97 95 37 87 2 38 58 74 5 31 5 80 5 43 85 100 80 77 52 99 31 7 40 6 94 64 99 10 58 79 78 1 100 21 73 32 70 35 82 92 55 92 89 87 80 28 96 28 73 53 10 70 31 100 35 52 83 99 94 52 50 92 23 41 29 23 52 94 49 3 22 8 41 53 6 38 58 26 78 46 44 47 99 100 10 88 4 30 69 30 38 12 35 0
72 64 65 70 47 31 25 38 84 90 41 43 59 73 53 42 3 1 1 8 75 46 79 51 75 25 25 8 5 39 43 73 32 59 34 24 10 30 25 63 100 86 78 16 12 62 31 16 27 35 88 60 73 72 45 74 87 36 98 82 61 97 49 48 12 58 28 5 3 62 63 41 81 78 54 69 19 42 74 93 91 85 68 69 97 15 84 91 6 35 55 12 0 36 77 78 22 27 68 59 24 18 17 43 87 94 22 17 95 49 2 17 25 1 88 0 16 18 38 81 41 0 88 67 67 43 16 1 20 53 78 22 42 50 66 9 56 88 95 33 79 36 7 25 29 41 16 68 60 45
48 13 88 12 44 6 40 97 4 63 52 5 80 22 68 32 52 1 57 40 10 3 82 40 26 69 94 87 47 7 35 41 11 91 44 98 16 37 70 49 49 19 50 42 78 76 62 31 84 93 19 96 66 17 42 52 18 71 39 18 29 65 44 71 22 54 8 29 17 21 92 62 2 69 92 41 52 42 58 80 22 44 77 57 100 0 28 51 80 43 73 64 4 43 76 88 36 57 26 53 49 19 6 83 28 73 86 92 49 94 48 71 97 64 70 32 69 57 26 89 2 51 90 52 75 72 71 84 49 15 66 72 56 29 47 36 51 56 54 5 37 35 89 29 25 92 73 4 50 14
92 28 23 48 88 13 1 30 7 53 11 64 96 19 88 49 59 38 66 85 47 87 4 52 55 31 84 93 1 50 78 84 72 52 50 21 31 90 5 92 93 49 2 20 10 53 13 69 88 91 92 65 59 66 100 9 63 0 73 86 10 39 12 50 53 67 76 43 79 85 16 49 100 13 28 48 65 85 97 77 38 73 54 39 50 98 11 85 95 45 20 60 18 92 89 14 28 24 2 46 42 56 65 54 55 56 36 75 19 70 87 33 82 19 54 19 43 66 57 14 72 48 7 72 83 10 90 53 61 3 81 45 90 26 42 42 54 81 73 66 17 7 77 90 65 57 89 53 5 21
83 53 8 21 49 24 74 75 40 27 13 50 28 29 70 78 54 76 96 54 61 27 31 94 9 15 91 15 63 28 91 46 91 87 75 60 75 49 1 64 0 35 69 53 83 99 41 77 32 21 24 30 15 98 22 43 51 19 70 3 75 13 73 4 7 11 41 13 63 23 15 1 5 85 19 41 44 84 87 8 44 49 69 12 67 8 56 89 44 28 97 15 45 55 21 38 79 45 65 100 3 59 94 59 81 29 2 5 78 59 33 90 8 78 7 56 95 29 80 98 59 16 24 65 21 49 27 44 12 92 98 1 99 61 8 91 74 51 87 31 75 32 33 33 26 59 20 18 80 40
60 62 75 64 47 76 49 98 27 36 76 86 55 42 12 22 12 65 71 39 5 85 89 94 98 13 57 37 25 68 21 72 68 59 16 19 63 52 74 25 12 51 92 54 9 69 45 50 90 86 40 66 95 62 12 26 88 92 35 53 77 9 61 55 64 68 74 93 59 75 71 90 3 75 64 79 21 3 47 8 29 29 46 75 37 16 93 33 4 90 20 37 21 17 15 57 82 3 83 6 100 80 36 39 65 94 45 44 52 61 13 42 20 14 12 27 65 54 98 43 42 78 0 85 37 86 19 52 82 74 78 52 12 23 73 20 75 40 49 81 45 8 4 55 41 69 80 7 55 56
68 6 14 0 9 17 48 12 92 86 19 98 90 71 57 68 77 14 24 32 28 61 79 8 22 88 43 28 75 78 45 42 86 35 21 21 20 85 0 63 26 63 11 0 53 21 81 87 87 97 15 38 96 83 33 72 85 33 6 56 99 84 40 100 28 25 63 22 75 65 30 36 64 92 36 41 5 15 48 18 53 87 97 0 23 67 100 99 97 49 95 94 87 72 11 19 94 55 10 82 19 31 99 80 34 35 32 6 39 96 5 90 11 60 74 94 4 71 52 64 31 53 49 15 86 49 47 34 23 57 4 68 76 41 90 50 55 24 98 99 24 71 18 95 75 85 73 40 17 69
56 25 82 93 35 75 74 61 69 88 52 34 63 35 50 20 73 20 24 9 90 27 83 65 83 87 4 50 95 32 81 47 59 49 68 79 7 79 77 67 1 67 7 37 67 27 30 41 26 31 91 73 73 30 60 3 58 80 45 60 2 33 76 24 26 52 46 46 41 62 29 69 54 98 24 98 71 76 63 5 12 53 37 34 27 35 22 43 41 54 29 81 23 79 54 49 8 17 90 96 36 29 30 36 18 15 73 88 9 88 58 65 14 30 14 31 31 57 0 8 0 80 22 96 13 41 54 3 7 15 33 31 48 79 92 48 31 81 84 41 81 15 33 25 5 58 20 83 84 98
44 21 39 73 91 83 36 72 13 63 48 64 33 88 37 9 89 68 46 24 65 4 93 91 2 88 40 74 28 60 60 16 74 77 33 28 58 79 0 98 16 27 7 62 62 53 39 15 19 61 23 62 19 89 64 78 62 56 21 72 17 95 45 10 9 42 76 85 22 66 100 22 97 43 74 93 58 72 15 58 68 91 46 4 17 34 40 66 36 86 29 6 27 48 28 35 40 95 53 15 88 99 88 73 96 25 97 61 73 18 28 70 49 69 4 53 71 83 52 99 73 3 79 41 54 39 48 47 77 46 54 11 27 22 20 7 29 89 97 58 72 94 38 12 74 11 24 5 55 15
70 59 93 20 10 4 4 48 50 4 2 76 15 83 85 83 48 55 73 96 60 15 63 8 25 60 20 6 65 67 16 59 55 31 61 12 97 93 74 60 13 1 73 53 9 32 26 70 60 51 28 10 21 51 41 48 71 85 35 33 99 10 15 9 61 60 53 90 63 83 38 26 66 42 62 4 8 85 39 28 44 46 60 70 48 5 64 21 99 61 58 56 1 34 1 90 5 96 1 100 32 28 32 19 29 4 69 78 57 62 23 46 74 66 94 53 92 16 7 48 63 8 73 24 41 35 69 41 97 11 46 36 12 86 42 80 19 63 79 47 83 56 73 74 14 78 33 17 75 13
23 37 14 30 43 82 93 53 57 45 84 3 29 65 26 39 100 68 6 66 25 44 39 5 32 83 75 94 61 100 82 85 17 33 15 41 28 62 99 39 38 85 88 39 61 11 83 72 36 62 91 12 38 9 0 34 47 86 33 24 77 9 29 88 76 47 54 46 30 90 23 45 93 34 9 74 18 41 39 42 9 97 81 87 43 76 0 94 98 58 51 55 59 80 12 19 96 22 5 91 87 50 42 99 58 16 0 39 39 4 32 68 51 55 83 63 77 70 0 99 89 89 93 64 38 47 59 70 65 20 76 66 76 69 65 64 67 9 82 71 63 44 100 4 63 99 57 30 59 23
27 59 89 27 4 15 94 60 4 49 60 28 69 27 93 37 18 69 20 25 54 83 7 95 40 56 92 50 95 12 87 32 34 83 40 1 80 52 79 6 50 8 66 22 63 5 4 77 15 70 7 23 99 33 11 32 30 31 76 38 35 46 55 71 9 35 12 42 67 96 71 74 48 60 12 76 45 86 14 12 12 14 98 38 73 60 86 25 9 56 46 69 63 41 11 37 54 29 3 3 6 6 23 41 19 100 93 88 79 96 94 80 63 52 76 51 16 70 28 27 97 59 63 50 42 82 46 8 87 18 97 68 76 98 93 96 61 87 3 35 62 52 45 88 12 52 7 7 25 8
52 7 45 64 52 45 41 92 79 6 59 71 3 100 75 12 88 59 33 61 75 72 63 21 95 80 48 76 81 86 21 71 66 45 35 39 74 96 60 17 61 35 67 72 57 83 67 75 23 86 8 80 53 46 3 69 34 86 29 77 5 68 66 41 51 40 53 79 35 40 73 85 39 6 81 70 33 17 35 25 69 38 0 51 27 70 25 72 15 11 20 93 68 52 45 39 99 8 39 49 40 19 12 63 94 28 71 60 81 97 88 44 90 81 76 46 62 56 13 81 71 65 77 0 14 29 60 53 39 91 16 65 63 95 44 19 35 93 61 94 12 69 40 28 39 48 55 38 50 72
5 70 50 91 18 47 10 32 35 20 55 34 17 53 86 39 58 25 92 98 2 51 6 26 53 0 57 84 96 38 43 24 8 97 63 78 36 3 11 41 15 55 82 3 41 42 66 83 70 7 9 53 74 12 44 41 74 96 14 53 95 12 22 66 24 91 38 42 42 55 92 79 54 52 62 84 65 42 36 88 53 87 70 63 38 92 53 39 73 59 25 49 20 53 47 56 41 61 94 40 27 96 49 51 73 49 38 77 18 18 82 5 31 3 33 45 22 29 76 56 86 94 33 74 91 90 17 95 74 22 89 81 95 2 61 48 55 95 85 47 13 20 63 62 70 88 43 64 16 29
95 61 91 62 68 88 88 25 40 17 62 4 33 1 14 54 15 1 41 79 39 43 59 77 79 8 5 25 36 53 4 27 78 29 50 99 18 98 99 29 45 32 28 28 73 34 22 22 91 45 0 67 39 100 28 48 62 71 11 43 33 13 58 51 61 86 29 35 96 35 87 24 61 7 35 59 85 65 33 36 73 53 46 39 62 44 64 91 95 30 1 80 60 43 97 30 44 24 26 76 75 56 51 64 64 0 99 44 94 32 70 25 6 72 75 46 11 0 54 3 65 68 67 92 46 4 40 20 4 55 83 6 78 99 31 87 50 6 80 49 5 6 46 81 21 29 23 50 72 50
67 27 91 18 87 92 74 0 44 76 40 62 64 21 21 70 20 84 13 52 15 75 87 80 68 55 48 3 34 84 48 76 14 53 35 63 43 74 32 12 15 85 33 2 72 38 22 65 40 60 84 17 57 20 23 66 82 57 38 14 82 26 90 34 6 49 96 75 45 56 64 96 88 56 13 52 75 69 0 30 82 81 82 30 44 79 31 94 79 68 90 9 85 21 14 78 66 95 91 23 38 44 97 24 96 34 46 62 73 48 80 80 7 15 85 82 4 19 100 11 31 53 59 21 51 97 46 53 73 10 30 75 42 44 61 29 43 71 47 87 96 4 69 50 34 22 71 78 99 68
59 56 15 1 100 43 18 90 7 65 20 52 46 80 32 43 25 73 100 31 87 23 100 80 1 46 70 41 13 49 15 44 60 45 16 78 90 70 16 29 44 83 16 23 44 52 84 62 1 12 44 7 50 75 18 80 10 83 57 18 99 46 51 3 99 35 7 32 35 88 23 11 1 95 87 36 51 64 76 12 23 91 91 84 64 82 33 28 7 60 56 4 60 41 41 8 31 70 75 78 28 89 87 62 50 89 1 5 3 27 15 37 86 91 63 55 73 16 16 93 28 27 3 91 28 25 63 29 18 85 10 19 23 70 32 10 81 45 47 24 58 58 86 11 22 64 98 79 32 80
60 99 57 68 94 56 61 4 30 48 42 82 93 11 5 6 80 42 79 41 43 69 19 24 0 44 75 86 66 19 17 74 48 49 71 1 16 17 69 93 52 61 76 57 65 50 96 92 66 5 43 37 71 28 18 86 60 58 80 72 27 98 79 32 88 86 73 88 81 75 44 82 39 38 71 1 1 35 8 100 87 23 77 24 35 96 67 99 87 23 15 80 10 100 37 13 89 50 44 75 96 90 53 27 0 75 38 34 74 16 45 24 22 85 23 48 41 69 69 79 39 70 83 93 56 40 72 97 14 56 10 36 37 91 94 27 39 59 61 23 76 62 58 97 61 17 78 97 24 15
51 20 83 48 33 29 65 72 4 57 32 65 93 62 63 11 70 15 87 99 8 32 39 7 85 91 28 0 72 0 21 45 81 19 41 65 3 73 86 27 96 17 56 94 50 71 13 66 38 31 9 98 10 60 25 90 60 63 18 75 59 46 6 90 22 86 46 63 53 43 75 93 30 65 95 0 80 56 16 60 34 45 95 32 69 97 2 43 98 68 7 93 87 76 74 35 59 77 11 37 50 58 14 11 87 8 33 87 33 82 27 70 49 22 73 57 68 62 99 48 18 29 90 14 52 66 61 31 80 37 72 30 86 41 51 77 43 3 16 55 71 39 65 27 95 98 11 11 74 91
14 36 15 27 75 92 67 50 8 63 43 86 4 14 100 28 38 75 60 99 39 58 89 2 74 19 2 79 82 33 1 36 84 89 18 90 34 33 17 63 16 30 89 29 86 54 2 41 56 65 89 99 32 3 49 7 80 55 74 82 43 39 60 32 6 0 40 5 76 87 95 16 99 35 19 59 19 87 80 58 57 99 51 27 29 64 20 14 0 92 22 23 44 57 43 38 94 73 72 46 27 30 74 81 80 56 16 26 59 54 21 22 20 93 34 98 42 92 62 65 33 51 49 73 33 35 1 21 47 96 61 88 70 90 15 58 85 48 97 98 7 57 66 46 34 41 31 50 73 80
64 10 31 49 73 21 90 25 22 89 49 96 20 41 44 44 75 69 30 25 31 6 89 45 3 41 10 12 48 86 37 34 27 29 38 66 83 95 53 59 64 9 10 75 15 16 72 38 49 31 5 66 61 5 80 41 77 6 35 72 44 48 54 49 76 45 1 5 96 26 87 5 49 10 79 52 13 53 93 37 64 59 16 12 55 63 97 33 15 26 59 91 48 18 73 51 3 80 38 40 66 53 89 33 83 43 19 85 9 61 77 32 18 52 67 5 11 29 81 96 67 3 53 55 71 18 63 34 1 25 3 60 73 14 78 99 67 98 5 96 93 96 48 55 64 67 66 24 13 47
80 59 43 4 90 11 17 84 30 46 100 21 88 89 64 73 7 43 26 7 47 0 95 35 59 59 23 10 44 52 34 10 75 43 66 32 64 44 48 70 84 64 74 34 12 24 51 84 60 99 17 32 20 62 32 86 0 41 34 3 16 70 41 63 92 30 46 51 29 65 53 42 93 8 4 40 53 31 36 59 94 78 15 47 2 15 28 33 25 88 49 4 95 72 92 71 82 6 75 72 72 10 30 85 85 10 72 22 80 43 47 11 37 34 94 79 37 52 56 85 70 51 53 100 15 29 87 50 30 13 15 73 42 48 40 39 46 41 36 94 6 21 6 41 29 27 44 28 6 78
46 83 2 94 56 64 80 83 9 83 100 35 95 14 63 44 48 81 47 93 78 88 28 10 25 75 71 4 39 61 72 60 28 37 20 47 80 50 91 58 52 49 64 85 48 71 27 85 4 56 68 83 81 77 28 97 87 70 60 59 86 83 43 15 87 63 14 44 88 35 13 58 17 1 96 87 69 56 64 65 57 96 76 43 87 24 70 48 38 51 27 37 37 13 64 77 86 54 61 12 63 29 23 87 67 44 60 53 1 93 39 49 52 80 98 51 30 0 60 84 9 90 39 44 89 36 38 10 69 83 39 37 1 55 92 23 35 41 80 30 41 75 51 38 28 11 29 59 5 73
91 78 51 63 89 33 4 28 82 55 39 68 27 31 24 77 7 53 46 55 29 47 24 84 30 83 63 79 34 85 22 50 94 4 41 44 50 16 10 13 70 48 62 1 26 96 26 13 41 99 92 30 74 28 84 73 93 90 39 33 8 93 39 69 15 10 58 59 3 55 53 1 71 16 4 72 12 92 16 66 72 8 65 77 7 53 94 96 20 89 93 78 79 80 67 88 58 71 27 98 67 84 72 86 51 11 72 81 50 67 57 68 49 31 68 31 93 85 24 18 40 67 42 84 98 91 56 13 8 59 25 14 60 35 39 44 45 5 71 54 26 0 82 96 50 9 23 17 93 54
90 28 45 99 46 10 7 17 70 35 77 97 25 45 54 6 25 73 1 10 15 39 60 88 55 92 12 9 58 72 74 94 9 50 87 71 82 91 1 10 20 99 20 19 50 15 72 11 74 6 70 77 94 73 61 5 33 98 77 15 52 75 10 9 52 80 87 33 81 68 47 19 97 7 48 46 31 0 5 55 63 61 17 59 71 18 7 78 53 46 61 61 36 39 12 88 42 39 7 23 83 72 97 4 77 5 61 79 73 51 85 20 0 30 94 66 62 56 36 16 33 95 67 66 33 41 84 6 81 52 14 51 47 30 25 15 14 91 36 95 84 100 17 27 86 100 36 16 16 33
68 87 30 16 84 44 86 20 76 10 10 43 37 9 13 32 72 26 46 1 66 60 50 39 75 16 98 36 95 99 17 43 19 71 80 32 10 6 62 34 53 49 1 67 58 70 99 92 60 73 8 18 29 66 3 21 44 7 44 75 37 24 24 50 13 21 49 37 7 12 44 9 39 21 19 20 0 11 8 55 42 64 7 39 56 45 25 10 82 63 79 75 53 78 4 71 13 50 94 68 37 38 17 28 47 43 51 46 27 44 55 35 90 9 87 77 11 87 23 53 78 1 84 88 81 53 29 39 34 76 100 78 91 12 15 25 54 62 54 23 42 45 29 66 1 10 40 26 61 5
81 55 14 54 97 18 99 76 92 94 38 57 24 74 41 65 20 24 76 62 0 76 56 70 61 73 27 63 37 99 30 35 31 82 17 89 80 87 1 23 100 63 94 5 21 78 90 69 27 53 53 66 68 66 76 12 89 67 85 35 88 73 37 77 52 58 15 20 33 34 84 23 59 28 69 72 83 78 97 14 51 50 73 73 90 52 88 84 65 41 49 27 87 52 71 25 45 32 1 96 71 46 65 79 85 27 9 96 61 96 25 100 54 67 39 55 100 14 96 69 7 14 30 100 85 39 5 63 43 33 3 92 43 53 32 11 80 30 47 16 98 28 3 8 17 55 68 71 36 58
99 35 33 50 66 32 74 91 96 70 80 50 49 97 94 11 0 7 74 43 75 99 43 61 64 24 49 92 4 3 55 89 96 94 27 35 72 73 34 20 34 39 95 49 22 19 33 71 97 9 82 6 44 63 10 9 48 66 16 32 34 58 99 80 67 53 20 50 35 55 50 77 52 0 31 91 20 99 15 38 37 77 41 59 55 21 13 29 37 44 49 17 40 88 26 47 81 89 79 25 22 89 4 88 19 80 73 79 4 34 49 2 63 64 21 77 87 99 51 68 85 28 40 87 20 60 30 1 37 63 12 33 4 50 91 92 89 95 20 50 18 91 53 61 98 9 7 58 71 99
18 93 11 60 18 25 20 2 52 11 2 6 8 11 55 79 65 48 64 5 50 91 27 50 32 7 1 40 13 90 76 31 0 90 47 97 66 31 7 67 34 62 82 20 58 82 36 59 19 45 30 4 86 92 51 78 64 42 27 60 47 36 30 77 17 0 34 70 66 57 87 4 62 12 57 74 16 9 4 10 66 33 6 5 97 61 15 55 75 9 84 99 37 7 72 4 13 87 12 3 54 100 37 37 58 25 99 9 82 89 24 61 95 77 59 60 44 94 79 55 66 92 98 99 14 51 54 82 82 100 27 27 32 5 27 19 88 95 54 77 12 60 96 93 29 22 22 54 22 40
96 31 61 79 70 19 73 63 67 98 96 5 94 36 54 48 75 84 43 17 41 70 58 9 26 99 15 74 42 48 33 45 95 57 49 54 64 59 40 75 15 77 28 94 69 23 51 74 10 3 39 5 34 2 77 7 31 53 59 46 44 91 78 75 35 59 59 49 77 24 68 64 27 63 38 48 99 41 66 33 18 3 58 77 7 27 1 19 87 41 57 68 58 2 39 7 70 28 32 25 52 54 4 90 63 63 78 35 80 51 60 73 18 26 47 99 65 88 27 17 26 89 0 75 10 61 35 68 39 42 26 62 13 1 71 40 56 0 25 98 37 27 37 34 88 99 38 88 55 75
21 61 58 90 48 59 56 46 26 75 28 85 92 24 34 84 54 33 88 10 93 29 23 15 96 17 19 36 88 57 53 27 25 41 81 80 88 47 39 61 37 92 8 47 23 78 93 86 57 33 15 27 16 41 29 12 34 33 74 71 6 11 50 7 88 68 34 36 84 56 43 48 31 77 63 3 35 7 5 42 8 74 54 70 81 9 93 16 3 10 100 100 11 85 34 25 70 84 47 94 32 96 62 98 14 99 14 86 69 57 34 35 65 22 56 60 57 67 23 22 38 14 65 64 65 19 98 80 13 100 16 2 65 27 91 77 96 64 72 86 88 28 78 6 42 11 3 51 51 45
66 1 4 82 27 30 48 99 86 31 16 94 58 1 32 96 23 3 19 95 62 18 56 76 88 78 62 68 10 96 90 27 72 72 63 92 70 17 32 9 19 75 57 52 30 96 19 48 34 22 69 8 6 27 38 18 67 42 15 16 80 9 86 79 6 100 45 99 96 48 87 57 24 74 18 2 45 20 9 58 17 29 47 82 33 83 17 45 41 13 89 27 65 79 87 7 67 40 60 97 98 70 82 95 66 39 34 98 43 61 28 11 57 78 4 71 94 14 43 12 86 62 83 42 30 86 38 34 35 3 76 25 76 78 50 44 55 45 96 78 14 70 89 6 78 94 24 80 94 31
43 78 36 41 18 21 96 52 78 95 34 58 2 90 67 12 100 24 22 97 81 3 28 51 83 85 99 75 28 33 94 0 54 65 29 77 45 57 86 62 36 12 43 55 28 19 87 40 9 52 13 94 37 38 19 58 15 83 64 23 87 46 55 9 27 25 53 39 38 88 82 42 44 99 37 72 70 0 97 68 85 23 5 45 32 73 64 48 38 5 19 9 32 29 48 19 49 11 73 97 59 47 47 90 35 96 84 93 44 84 52 42 15 14 7 12 18 86 71 65 26 54 31 1 71 52 96 55 75 66 77 0 97 90 22 19 56 85 34 36 29 43 55 52 90 95 22 63 62 70
18 23 76 27 79 53 54 83 76 81 0 34 70 42 76 93 1 77 65 92 69 92 20 31 83 51 100 28 62 85 64 15 79 10 29 84 88 14 6 36 1 11 61 51 52 41 28 55 78 82 97 20 17 55 77 41 70 29 18 8 59 78 71 49 6 91 3 36 60 92 11 83 20 71 91 2 95 2 32 18 75 31 74 7 91 75 43 49 90 90 93 72 68 98 8 27 20 35 60 58 42 91 0 45 96 84 75 46 13 63 63 51 16 94 48 59 62 50 38 44 69 22 68 3 62 70 51 60 79 39 66 95 94 58 92 90 48 18 29 8 67 98 50 28 59 99 77 6 42 7
47 89 45 26 70 72 34 18 2 97 90 61 56 47 54 26 16 7 79 75 49 98 19 24 48 55 19 81 27 84 20 84 94 98 94 90 62 67 30 87 58 89 74 70 23 63 18 91 4 41 45 61 45 51 87 37 68 46 35 58 70 81 21 22 34 19 19 100 100 92 47 66 74 62 54 26 90 36 22 45 66 80 61 68 2 3 79 61 80 43 83 50 56 69 16 78 47 15 22 68 23 51 38 12 77 65 96 91 5 65 9 38 78 34 62 31 6 7 59 81 76 92 46 51 10 43 75 100 58 49 98 56 58 34 85 9 91 51 76 39 55 52 78 53 56 78 40 25 100 31
47 42 42 93 36 28 47 81 27 52 10 47 45 32 7 78 21 95 37 44 9 83 43 88 62 22 71 77 0 80 52 54 71 87 38 11 72 96 57 32 74 23 91 8 22 69 81 63 20 45 16 20 96 11 20 76 59 86 68 28 89 13 2 64 90 98 58 22 91 47 79 85 34 30 12 96 13 11 45 20 19 52 4 92 87 3 76 58 1 61 62 96 26 78 53 35 97 97 22 26 65 55 1 31 7 42 25 38 32 11 93 26 8 9 84 46 59 86 99 20 1 61 98 10 36 63 22 15 10 27 63 47 89 75 75 7 45 61 79 65 9 68 26 45 43 17 29 79 35 8
46 35 49 89 56 89 100 100 39 41 51 60 31 53 80 86 77 70 32 27 10 72 32 65 63 21 77 4 36 69 67 88 58 55 30 0 73 86 90 40 15 16 86 96 57 61 66 75 3 95 13 75 23 27 53 34 50 3 25 42 19 33 16 4 89 1 8 56 68 92 39 16 24 18 59 97 28 2 80 12 58 88 86 18 83 72 28 93 35 18 61 41 25 35 16 42 3 46 81 21 41 33 90 89 65 38 63 27 16 49 97 98 75 17 35 48 63 55 52 28 47 18 16 35 45 5 90 70 89 51 47 63 80 84 7 59 13 31 63 79 22 62 86 17 56 66 71 88 3 72
46 19 12 31 26 23 34 90 2 48 12 72 4 46 81 16 97 15 41 39 70 24 41 98 98 24 97 11 22 87 54 54 20 47 19 19 27 5 3 95 97 76 68 72 45 89 19 45 94 70 56 48 94 28 94 13 1 87 40 58 71 0 34 14 66 20 51 29 54 77 15 42 26 11 89 0 13 28 7 44 88 89 34 19 78 66 62 7 72 4 55 91 48 7 78 97 76 53 0 68 23 9 24 18 40 14 97 93 51 71 68 33 69 54 17 26 85 82 47 85 17 18 7 85 14 56 39 28 31 65 46 100 49 35 33 88 2 30 57 2 49 61 88 33 16 84 90 11 13 87
55 33 7 63 99 62 49 3 94 60 30 52 100 25 38 60 40 27 41 26 54 41 93 34 55 62 23 55 9 19 24 100 21 98 31 81 85 79 96 19 24 29 29 92 1 94 77 91 6 29 22 48 7 67 54 50 67 54 51 12 89 74 5 21 14 49 66 57 15 93 18 33 60 33 83 75 44 64 30 48 11 61 35 49 82 52 28 27 51 6 21 49 95 97 89 62 71 31 49 75 58 82 82 7 53 83 7 42 17 4 50 48 96 65 64 10 95 19 88 42 84 75 25 98 92 60 74 94 82 83 83 92 5 5 63 30 78 32 71 99 89 20 89 98 96 32 70 100 80 44
34 34 34 6 7 84 7 19 17 28 88 46 74 72 36 5 7 33 5 14 68 19 85 49 58 96 42 25 94 33 74 13 30 82 54 9 83 72 82 62 25 84 40 32 39 76 4 26 14 59 46 11 3 3 25 95 38 28 29 50 8 74 30 46 62 48 11 53 37 84 27 17 90 13 10 69 92 42 81 49 0 7 40 11 99 95 87 60 88 39 17 19 47 56 52 27 46 75 85 98 17 79 71 44 6 45 8 47 23 40 99 25 88 83 74 62 44 37 93 51 92 25 23 38 49 15 84 38 83 7 37 35 6 93 28 89 17 68 75 69 79 59 73 89 93 95 91 76 43 75
11 63 18 33 9 44 94 88 64 88 90 77 25 61 66 66 49 24 81 37 0 45 9 81 57 64 58 76 10 10 23 41 44 81 80 84 73 61 53 62 87 41 62 34 57 40 16 87 15 9 52 12 96 43 17 95 98 0 72 53 84 92 12 35 9 87 89 0 0 46 80 40 81 71 11 67 52 77 86 90 58 57 68 61 49 12 39 36 57 85 93 30 22 86 55 81 34 15 34 91 45 68 87 16 19 93 23 13 74 73 68 62 4 49 1 78 74 65 56 71 35 92 60 76 75 2 52 7 85 5 0 77 39 6 10 83 26 50 3 8 22 78 78 45 74 52 33 10 75 0
34 1 82 46 29 1 38 89 15 17 99 13 59 50 47 58 47 56 46 68 37 96 26 52 16 64 53 50 98 86 36 65 0 75 20 16 13 90 90 96 58 74 54 53 26 2 13 12 5 26 3 61 95 61 10 49 3 17 0 63 4 46 9 40 63 9 36 100 49 97 56 18 91 59 12 78 88 23 69 28 82 23 7 5 40 48 27 4 56 50 94 60 81 44 73 23 36 22 98 53 33 7 8 88 84 8 15 1 87 70 17 75 23 95 77 39 33 3 12 0 8 83 83 68 36 75 25 45 30 60 71 75 28 62 1 53 21 59 38 24 39 57 25 44 1 7 5 57 39 15
41 76 83 29 94 5 79 97 16 11 62 17 19 36 11 8 68 11 88 40 32 64 54 94 32 72 68 60 87 49 48 31 46 77 61 25 49 42 94 8 49 3 81 35 39 92 21 60 17 5 71 16 30 52 30 72 38 10 81 74 94 31 4 91 20 50 41 75 19 96 34 35 60 0 82 23 10 18 12 88 6 78 44 98 65 75 74 86 60 16 54 85 63 89 51 54 1 72 20 70 46 79 40 86 55 25 64 47 39 57 12 70 55 18 6 86 40 51 7 9 81 100 72 39 87 65 7 7 54 54 68 30 22 66 25 59 36 65 39 98 5 60 29 60 59 44 96 19 82 99
86 10 82 46 74 70 9 1 82 40 69 29 18 7 82 85 23 91 21 29 15 54 87 37 15 22 18 21 64 2 45 51 99 26 75 79 73 89 37 27 0 30 26 48 44 83 58 51 35 72 16 51 74 28 64 2 93 96 90 63 94 16 72 88 15 15 18 65 65 97 29 36 53 76 39 94 93 90 24 77 84 59 36 90 17 35 29 92 3 71 64 18 100 60 1 34 11 84 1 5 25 88 76 89 38 83 31 84 50 100 69 73 60 58 46 86 56 1 2 87 35 47 38 21 24 71 93 2 72 59 21 39 32 70 62 41 95 42 67 1 12 84 69 29 81 33 90 22 66 71
79 40 30 47 11 37 32 24 34 2 66 47 86 87 65 60 92 1 75 45 66 9 30 23 76 38 80 43 8 64 47 31 28 46 25 41 13 2 0 67 84 19 0 63 86 51 43 56 94 4 2 78 36 10 94 8 98 37 84 46 67 71 66 77 41 3 74 87 40 85 65 77 46 19 31 83 64 9 85 3 100 12 93 29 19 21 34 16 100 12 65 67 76 98 67 84 35 36 21 13 96 40 88 93 12 77 48 28 37 9 27 61 43 26 14 65 87 61 7 29 37 16 42 49 98 1 69 69 64 70 76 10 50 38 59 91 47 25 78 46 50 35 66 56 70 73 83 90 20 66
90 12 77 37 15 40 85 20 32 65 4 26 49 73 3 61 76 19 23 52 65 98 45 91 25 11 17 50 35 93 51 72 29 80 10 21 38 53 83 68 35 60 76 100 1 12 73 78 15 20 90 63 100 81 59 33 40 12 28 0 15 16 81 72 50 29 27 45 27 67 21 49 84 87 46 60 96 19 74 54 87 31 98 40 8 91 61 70 70 17 30 60 84 78 41 16 81 21 47 1 23 47 87 97 6 9 75 67 65 95 42 92 8 27 34 27 41 68 65 19 68 27 47 53 51 78 47 86 24 38 56 51 58 80 83 54 29 8 81 40 72 59 40 50 20 34 45 65 55 12
100 92 37 74 50 18 69 95 37 17 38 10 12 93 53 39 15 72 22 87 58 9 11 90 0 16 21 90 69 70 64 31 16 36 6 76 15 52 100 56 45 4 23 47 82 98 5 56 22 21 79 61 64 29 69 28 82 86 74 58 64 12 21 95 59 17 14 60 51 56 77 1 10 10 96 56 97 14 6 53 21 49 54 39 73 66 87 7 0 92 15 0 40 24 68 20 30 95 87 57 42 44 25 26 64 25 47 83 92 91 25 44 1 97 54 20 41 75 92 77 23 93 38 35 35 69 58 19 15 17 87 95 66 39 5 15 69 65 96 39 8 84 10 78 56 93 33 34 53 47
77 94 32 80 11 60 55 19 17 40 79 21 56 87 23 18 7 4 9 51 28 82 38 0 69 60 50 26 14 77 17 71 64 11 47 54 63 50 51 100 99 0 37 99 72 44 57 0 99 42 44 76 50 75 96 67 53 43 28 15 46 76 3 27 74 41 13 90 48 99 8 21 30 22 44 88 17 47 76 93 86 90 28 73 78 62 61 8 61 89 99 11 17 49 22 19 26 49 79 89 41 55 27 31 46 17 86 92 6 64 79 96 54 81 54 34 97 58 34 43 40 70 86 42 67 60 77 25 34 6 31 14 53 24 1 50 82 57 85 98 99 82 3 78 61 15 15 54 46 69
25 15 83 90 57 27 99 49 70 24 48 21 76 85 23 44 7 52 100 24 69 80 92 74 96 55 55 60 45 63 16 86 1 49 23 55 12 76 82 16 53 72 89 55 39 1 49 90 67 54 43 6 45 36 82 33 52 100 24 53 41 55 28 9 48 84 64 68 74 75 83 18 51 77 80 6 4 24 24 21 37 77 57 10 70 47 100 18 35 16 36 99 60 85 49 100 95 9 24 94 61 19 36 8 88 15 38 26 54 83 89 82 83 69 4 14 9 40 14 4 95 15 54 16 92 32 84 6 68 36 31 33 21 95 89 2 97 73 2 94 4 62 63 50 6 93 38 43 54 46
25 19 61 69 2 94 17 35 29 13 56 16 74 43 44 65 1 87 46 0 21 56 76 43 32 59 71 20 0 49 58 4 45 15 100 52 1 33 80 69 82 14 49 12 7 60 8 94 50 11 99 35 23 70 78 63 71 40 79 45 21 76 22 100 40 37 1 93 96 56 53 15 8 58 97 97 55 63 7 57 45 21 96 54 42 67 64 0 39 29 92 22 46 37 9 84 58 97 90 41 5 17 12 4 36 47 73 16 63 38 3 81 89 19 75 77 2 90 48 84 11 88 37 68 1 23 75 39 98 32 95 27 40 45 73 33 36 66 29 79 87 6 0 63 24 32 34 23 9 0
6 55 95 89 100 47 95 45 29 77 96 20 97 74 18 14 72 94 55 41 53 6 47 66 2 70 2 37 81 3 30 15 18 66 81 75 15 41 79 3 83 42 31 36 58 100 82 31 25 49 87 24 58 31 5 99 93 90 13 47 59 20 98 59 28 60 68 5 4 16 7 52 18 90 6 87 32 68 26 13 51 22 82 80 74 6 23 13 77 62 2 99 3 81 24 9 20 45 51 94 15 49 52 32 0 47 88 0 75 97 3 6 24 77 83 90 57 53 66 33 1 36 10 64 33 36 89 22 92 53 44 71 72 95 95 78 18 0 55 8 94 7 34 74 76 38 95 81 96 12
52 12 78 5 6 33 2 91 6 34 72 77 77 31 16 52 21 50 68 2 5 64 61 46 69 52 33 53 4 77 82 85 15 63 23 5 50 55 7 24 0 61 48 26 60 25 83 75 2 61 74 83 93 94 88 35 46 82 62 97 25 32 80 68 0 74 67 0 79 9 36 61 25 77 26 12 21 22 50 76 94 1 88 94 80 62 100 59 75 85 0 85 83 78 41 11 81 42 53 42 99 88 69 70 10 92 63 55 76 24 16 50 59 58 61 74 29 70 35 97 6 88 11 0 0 94 73 74 64 8 97 45 58 53 53 19 19 94 41 12 25 50 25 8 32 36 69 61 69 45
51 30 57 11 34 84 24 57 70 98 84 4 60 80 88 51 88 54 21 25 54 13 24 43 79 97 7 5 98 4 77 71 55 85 97 97 25 48 45 93 54 35 45 2 94 93 68 66 6 68 58 96 46 57 53 20 94 38 65 19 3 30 29 3 66 74 87 64 15 78 86 8 25 41 87 89 43 19 23 48 6 75 31 29 30 67 26 87 52 37 66 66 24 38 77 3 41 25 23 73 66 23 71 58 64 94 45 6 51 99 86 45 52 80 42 5 34 17 91 49 1 99 22 35 23 1 24 92 81 16 2 79 55 76 60 26 53 12 72 90 67 57 13 32 71 62 81 98 63 79
55 63 79 82 28 18 4 68 27 76 16 21 34 36 16 16 81 64 29 45 29 7 98 12 29 42 21 37 86 96 13 82 14 24 25 95 32 15 29 92 10 50 60 55 65 87 63 88 16 90 58 79 25 58 11 79 99 1 61 12 83 54 8 45 45 50 32 75 56 2 3 34 68 22 40 80 72 52 88 92 70 67 66 17 66 70 91 57 68 16 4 84 26 93 87 82 71 70 15 58 72 33 94 14 77 71 72 17 4 17 82 52 38 75 80 22 93 69 21 4 51 74 18 56 72 51 25 13 41 91 93 75 59 28 3 5 14 48 0 55 28 90 0 39 92 42 80 52 90 61
73 22 22 69 64 58 7 71 10 1 100 64 68 29 60 41 12 69 43 14 66 8 20 88 3 1 27 2 53 33 63 13 6 45 77 92 2 41 83 6 64 68 99 53 91 78 22 80 0 0 35 65 27 34 91 4 61 16 70 41 68 100 47 18 62 84 4 45 78 53 33 28 57 39 18 10 75 74 36 6 5 58 96 11 48 45 64 97 100 81 71 3 38 95 39 61 26 44 97 45 97 30 94 55 25 21 29 71 20 26 15 55 93 47 11 83 75 100 76 25 67 37 41 76 79 42 81 88 44 64 85 71 82 69 59 94 45 79 73 93 60 99 82 91 24 61 59 5 16 90
29 93 73 46 65 17 1 89 94 29 1 66 69 66 89 69 12 48 83 64 80 97 9 1 52 38 13 7 98 40 13 19 97 62 6 97 100 93 83 95 17 81 93 65 62 71 73 49 75 45 14 77 6 97 70 67 67 43 65 28 16 23 68 96 2 37 66 27 91 10 10 43 50 30 20 81 45 48 29 19 96 51 7 13 11 26 10 25 16 23 45 95 57 90 22 35 86 3 42 19 62 72 86 91 15 1 90 97 86 40 22 6 58 94 62 57 54 57 33 0 30 68 6 34 51 7 51 84 68 44 47 33 11 82 39 4 78 2 84 90 90 12 1 41 47 53 11 5 46 99
7 58 87 63 48 78 59 71 68 38 69 50 54 31 92 39 50 56 9 47 52 19 64 9 47 96 0 56 39 69 12 47 37 27 81 72 83 2 58 98 47 32 13 41 25 56 46 33 95 97 56 33 95 93 100 11 75 58 99 36 2 36 24 38 84 30 40 22 43 17 88 13 64 36 90 92 93 85 69 22 44 21 45 5 11 78 15 81 89 7 76 65 18 100 17 40 42 34 10 14 35 28 57 20 32 95 19 35 96 90 48 35 59 14 44 41 48 34 21 1 74 25 100 91 83 79 45 58 59 16 48 7 95 51 34 28 95 72 20 25 14 0 58 96 35 83 51 12 23 46
21 0 48 94 40 60 86 1 81 67 40 24 48 4 13 82 99 61 71 65 2 1 78 82 74 16 74 17 51 75 88 33 88 39 19 32 79 13 44 72 8 26 61 52 51 18 88 91 89 62 66 63 66 63 19 49 98 64 39 48 8 88 86 4 77 12 78 73 50 78 99 43 68 68 40 81 52 13 14 73 45 1 64 42 40 85 11 31 79 43 41 81 34 88 0 37 33 94 63 71 33 3 87 63 38 99 20 45 95 12 86 11 9 43 29 69 100 12 36 70 100 83 8 64 69 5 31 85 26 25 88 19 67 62 22 36 93 59 61 10 29 14 29 67 17 79 67 96 10 28
5 26 45 26 32 84 10 19 44 48 66 19 59 79 69 44 11 28 87 36 51 50 9 54 44 99 86 63 86 92 52 86 4 7 81 97 87 24 15 70 91 84 20 74 95 70 19 82 49 63 69 23 34 25 53 48 50 28 12 99 82 63 86 49 63 23 62 27 20 87 97 100 4 24 94 55 59 34 26 49 60 86 86 89 86 13 41 88 81 85 89 83 13 6 96 3 76 81 25 17 29 62 1 94 22 34 79 71 4 38 44 53 75 90 9 57 77 10 81 54 54 61 33 12 69 2 58 1 43 49 27 63 60 73 29 1 60 1 34 78 20 57 22 37 80 28 91 41 65 12
47 12 55 20 39 92 13 57 97 56 22 43 70 41 22 52 14 57 19 45 28 81 20 78 63 41 88 81 10 4 87 99 88 23 65 75 82 67 91 43 76 34 91 75 92 60 86 69 76 44 77 62 20 9 73 27 84 8 13 64 31 78 60 34 34 31 17 44 62 91 28 21 69 2 22 66 85 0 21 43 85 50 14 41 80 92 8 95 45 13 91 91 39 18 91 77 62 77 2 82 11 48 22 98 42 76 83 12 93 26 79 50 42 79 15 100 58 16 41 11 100 85 33 27 42 64 22 1 94 23 66 85 41 86 50 67 62 28 26 34 15 44 14 67 76 72 87 92 2 81
13 96 84 87 96 43 87 77 58 37 17 11 61 50 42 67 27 20 57 38 72 3 21 11 6 36 58 82 98 30 89 72 36 63 63 8 89 46 32 71 54 89 1 75 41 65 92 55 3 44 77 68 81 0 55 97 99 49 83 44 24 79 8 34 36 81 99 80 74 67 66 17 45 10 56 56 73 14 89 100 93 38 65 68 19 97 34 49 85 30 53 34 93 8 25 68 76 4 99 10 99 3 54 12 14 9 28 23 15 36 96 8 51 54 38 26 27 49 90 4 95 48 15 13 47 62 54 7 55 28 54 24 31 66 30 6 7 8 60 85 76 81 39 70 62 33 16 72 78 75
24 37 80 43 94 6 56 72 52 31 30 13 8 35 48 65 31 30 73 38 63 90 18 94 40 56 50 96 70 20 31 0 59 27 21 62 6 30 34 97 81 54 74 40 15 54 82 40 90 80 50 92 72 65 55 98 40 29 84 15 73 16 50 14 75 15 13 45 9 70 76 60 77 50 3 79 13 89 93 23 65 61 67 21 54 47 1 65 26 55 76 99 82 24 9 77 69 32 12 32 80 28 33 92 100 32 56 39 17 15 63 24 43 89 51 47 37 14 92 19 67 97 33 24 25 42 15 15 37 87 86 62 92 40 5 66 21 71 33 34 88 8 61 21 59 28 59 25 18 1
29 44 28 22 22 1 17 77 22 90 69 99 37 25 68 7 5 51 68 77 16 48 49 98 88 84 56 52 42 3 68 46 22 37 67 93 89 64 4 31 86 71 66 25 48 31 65 17 39 72 11 69 51 68 93 26 64 99 79 72 11 43 50 79 11 5 31 6 84 61 31 34 81 3 68 55 81 77 75 84 32 79 91 31 84 30 32 16 18 72 48 20 99 25 6 74 28 84 83 33 86 99 62 9 26 56 7 11 86 91 47 69 88 66 2 12 61 64 96 7 97 86 17 10 22 90 78 97 31 21 56 87 22 66 4 86 0 6 67 39 2 15 69 81 21 66 25 62 6 100
18 18 12 82 100 57 59 100 63 49 43 37 34 67 85 26 71 19 83 9 31 48 66 64 27 85 99 56 24 59 100 4 10 90 81 85 35 46 11 44 79 3 68 57 24 19 62 51 6 34 9 27 44 36 44 53 1 78 0 65 67 18 71 15 43 92 46 28 98 67 71 10 24 29 86 48 97 53 66 96 53 55 51 22 12 24 11 27 27 24 97 30 23 20 48 74 85 85 12 80 43 7 11 57 79 69 4 10 98 12 8 37 37 87 63 80 7 5 50 73 33 68 68 6 7 19 88 41 38 74 84 71 99 40 11 55 10 9 33 65 58 53 66 22 83 59 91 86 23 99
41 14 21 1 87 83 84 68 63 20 68 20 75 74 76 79 84 78 40 48 85 4 71 14 77 44 23 52 11 67 23 49 8 65 79 31 33 99 57 45 28 21 87 92 57 48 69 71 17 15 75 47 64 62 3 32 39 49 66 34 87 2 93 5 44 50 66 60 70 11 75 93 22 95 65 64 50 67 25 78 70 7 100 20 16 94 95 72 23 63 39 98 39 4 1 3 4 33 91 50 92 65 70 3 6 1 85 78 24 62 3 66 16 92 64 51 38 29 90 44 100 58 72 49 73 25 17 93 56 49 11 54 65 77 63 27 64 6 82 86 62 8 50 99 44 19 50 44 12 82
54 6 32 44 64 44 31 22 79 90 59 18 70 8 51 8 2 72 94 26 42 27 31 82 63 65 35 84 23 40 44 37 68 8 4 47 27 20 58 11 70 21 20 2 98 93 83 11 60 93 30 60 54 83 90 85 64 63 3 95 88 31 56 43 95 3 68 63 0 45 93 34 70 86 18 61 63 23 7 5 66 32 24 90 76 39 3 88 19 82 22 98 40 92 40 79 58 39 30 100 46 98 33 80 64 58 1 27 39 41 43 1 98 87 91 27 59 94 86 45 22 64 16 8 89 100 78 82 3 77 89 71 15 33 86 40 45 1 30 71 55 23 47 55 7 28 86 61 11 85
99 35 67 84 62 19 30 64 40 74 45 26 75 67 11 66 68 41 76 69 65 44 71 18 28 20 62 79 48 72 83 50 57 27 39 81 49 49 64 91 31 77 0 22 73 72 39 0 69 72 30 45 32 78 21 87 72 59 87 6 60 41 36 26 49 96 35 52 90 5 71 22 27 59 3 44 8 78 70 58 26 4 52 56 82 17 92 19 68 90 45 53 33 63 28 62 81 92 0 3 47 76 64 73 76 90 77 55 1 34 70 87 32 75 57 60 85 84 18 66 80 69 68 74 100 66 23 19 79 47 69 41 5 56 30 88 13 30 44 50 58 16 45 18 36 64 75 96 85 10
61 36 45 72 14 71 24 10 60 83 78 34 10 5 88 27 56 85 52 22 17 75 2 91 16 82 95 69 82 54 76 68 14 83 69 52 32 42 54 26 38 20 47 0 7 68 58 20 94 79 69 54 100 27 100 53 51 78 17 98 70 65 98 78 99 77 36 60 14 86 79 44 54 22 7 9 57 19 35 100 100 64 10 30 85 50 56 48 24 71 30 38 24 63 62 92 7 35 53 33 37 87 79 77 36 0 22 7 15 92 22 64 40 28 71 8 29 70 78 89 96 25 3 84 72 3 17 60 29 34 86 30 17 4 48 53 93 0 28 36 53 22 43 77 86 43 33 68 80 39
25 27 23 90 80 20 26 83 46 47 40 42 58 12 45 66 3 6 18 92 54 12 2 70 15 15 99 62 55 61 94 31 21 30 15 1 48 85 27 37 41 20 73 77 35 66 34 55 87 100 17 80 66 44 96 67 34 18 90 39 12 9 94 29 82 13 97 12 74 91 10 38 66 55 73 9 78 43 78 53 90 2 91 91 100 58 6 49 13 21 37 0 37 29 95 47 43 78 35 72 54 36 73 69 93 33 62 48 96 10 39 83 31 16 32 93 8 56 64 4 62 100 63 44 53 77 90 75 50 27 3 65 70 14 29 61 26 88 45 71 19 90 16 5 60 10 43 76 48 53
65 37 71 79 8 1 79 39 58 67 63 56 69 64 26 37 29 47 2 58 15 67 28 15 81 56 19 44 61 15 83 54 9 81 100 94 58 15 36 99 84 35 36 93 44 41 54 8 18 1 41 98 82 36 94 80 66 16 24 36 24 5 85 19 38 70 35 92 31 12 22 14 41 59 84 90 96 79 50 94 49 24 74 85 77 37 29 99 72 59 58 15 18 19 14 16 15 18 35 7 23 37 44 19 54 89 87 92 18 31 92 9 16 66 32 99 1 49 12 33 89 73 76 18 99 84 55 64 51 15 66 97 28 22 13 81 41 71 43 66 80 17 0 4 44 99 94 4 41 56
53 33 44 88 84 36 25 99 17 63 80 40 100 31 14 43 29 89 84 26 38 99 41 59 69 39 74 35 7 2 76 6 75 59 4 61 85 39 8 35 27 7 34 48 54 68 70 58 37 24 79 4 84 55 36 84 73 28 8 9 61 66 98 32 12 19 4 8 12 57 51 16 61 98 28 47 39 51 17 48 88 34 15 8 46 81 40 97 25 68 8 68 8 83 29 59 23 7 92 97 32 0 84 14 3 7 11 70 0 3 96 80 84 80 51 3 61 91 2 65 40 2 82 37 57 75 48 99 51 57 73 57 64 74 8 14 51 28 28 80 10 51 34 42 5 29 56 6 84 64
64 45 18 41 86 42 0 23 37 4 75 64 69 92 24 75 35 95 27 10 71 81 78 3 100 19 1 84 60 37 94 89 94 50 35 2 95 84 21 65 7 12 81 7 53 56 3 32 60 59 49 42 72 93 52 85 2 58 50 63 21 46 59 57 7 99 47 44 91 27 25 40 88 57 7 20 52 84 6 97 68 4 15 67 61 40 83 29 26 61 74 86 80 28 73 84 87 61 39 0 24 98 60 98 85 32 19 88 24 83 10 59 22 84 35 76 24 16 56 90 36 81 11 51 39 13 100 41 19 84 19 92 21 47 85 71 30 15 45 39 66 80 99 37 88 20 2 78 29 86
75 19 24 4 36 14 59 13 51 33 53 76 27 25 15 91 26 56 25 87 36 8 32 79 50 42 30 99 9 89 58 31 23 75 14 27 21 70 75 76 29 23 27 44 46 72 2 0 41 37 60 3 99 84 7 57 15 32 35 5 65 71 62 82 38 60 57 52 26 27 13 100 4 9 56 85 8 0 53 74 45 100 61 54 89 92 46 22 62 0 75 100 55 44 44 21 48 12 61 20 8 83 6 2 46 60 50 66 71 76 4 98 69 53 38 30 68 72 44 20 23 70 30 66 74 61 12 92 2 51 4 29 98 53 67 29 0 25 53 78 9 62 78 87 44 31 81 90 36 67
33 71 80 26 27 79 52 23 62 64 89 35 4 20 68 86 47 40 1 100 23 7 29 33 75 78 53 64 22 43 0 13 46 81 58 94 45 80 100 90 61 23 34 28 21 77 92 63 62 50 74 67 71 17 56 96 49 23 82 83 65 1 41 0 14 88 72 48 89 45 69 49 27 59 0 94 84 61 78 89 18 72 51 1 25 71 73 34 96 95 68 72 17 35 73 93 10 36 2 7 72 10 35 7 17 85 50 82 65 83 22 7 6 84 61 10 25 17 67 24 68 3 84 93 94 93 96 21 36 30 83 80 80 100 44 20 44 62 4 82 3 48 41 52 79 5 99 76 15 16
21 14 37 12 65 56 54 64 61 37 50 76 59 91 67 34 59 20 0 66 16 100 29 6 26 71 86 53 7 27 59 7 24 0 19 42 82 26 4 3 64 94 58 20 72 49 25 85 61 59 61 16 0 59 53 61 51 67 79 91 89 16 83 53 22 19 60 28 60 88 1 99 62 51 14 27 18 48 27 8 46 48 88 36 25 34 67 91 15 39 40 56 53 100 63 22 2 85 68 78 11 41 0 45 32 25 31 1 35 7 17 20 84 69 53 58 14 0 32 82 40 16 75 43 5 86 41 43 68 63 29 61 2 57 53 7 32 80 23 100 58 12 56 82 67 41 94 33 61 35
24 62 85 41 70 36 1 84 62 24 28 60 21 75 67 4 78 56 21 63 69 38 67 1 11 68 17 32 3 54 14 85 85 36 53 80 25 31 59 14 11 37 48 35 85 63 34 9 61 36 86 72 1 65 76 0 21 91 90 64 21 11 18 9 5 52 44 61 80 84 28 64 16 90 78 43 7 61 56 4 63 72 87 49 38 51 96 5 96 41 92 38 26 0 23 14 45 59 53 11 29 65 1 20 72 83 2 70 76 85 22 13 16 15 66 79 25 83 14 2 53 82 62 21 67 2 21 25 61 68 38 42 2 28 27 47 45 55 28 82 58 19 26 82 10 91 12 20 23 94
89 50 8 58 39 14 95 12 28 59 58 81 42 14 43 36 54 11 55 17 100 82 27 14 50 13 28 92 26 14 71 100 87 12 75 52 12 93 66 68 94 24 21 24 26 10 18 85 98 42 72 25 46 9 53 2 82 62 43 32 40 15 16 80 98 55 44 86 39 85 10 83 12 23 91 19 32 53 36 13 95 76 50 39 40 86 71 92 89 49 91 91 52 98 49 1 68 62 28 55 4 20 95 80 56 10 82 100 9 67 96 59 60 83 6 37 4 65 29 40 65 8 83 5 52 52 34 2 86 65 62 57 96 36 90 52 14 44 20 39 29 45 42 54 61 91 12 46 21 96
11 4 87 80 59 60 39 51 8 39 75 95 0 46 35 41 85 79 34 3 42 84 27 85 60 10 11 78 100 24 39 77 11 68 26 46 89 56 83 3 71 65 86 77 68 79 65 75 13 7 41 19 60 44 96 91 78 86 38 77 33 59 26 10 14 40 58 43 23 80 42 52 76 72 78 76 31 100 69 78 63 1 82 92 75 42 10 69 5 98 60 38 53 94 96 39 8 20 17 63 49 65 81 69 3 36 1 20 5 67 70 25 9 59 25 36 67 65 52 85 55 6 24 7 35 15 0 17 64 57 17 69 12 10 90 85 82 31 39 73 42 19 61 21 81 17 9 2 4 94
37 46 51 50 20 46 33 78 1 61 57 87 41 99 25 21 10 12 8 23 78 31 97 61 17 48 68 70 18 60 6 73 34 32 48 27 98 29 89 23 24 97 8 1 2 46 14 5 89 89 59 100 73 67 59 2 6 32 87 16 100 21 81 42 57 67 81 49 59 82 11 62 48 10 53 25 42 97 47 72 60 88 38 55 21 24 12 60 67 32 12 91 65 99 62 0 6 24 76 8 3 85 85 66 51 24 53 73 51 89 99 61 76 72 90 81 66 54 44 15 65 21 56 71 74 96 45 56 28 36 59 10 92 82 74 5 65 2 60 63 28 54 12 89 83 54 74 1 56 72
57 32 96 80 33 87 39 16 37 98 87 85 59 17 36 54 0 49 73 61 36 27 25 85 69 75 80 12 79 77 61 55 56 72 51 97 56 26 56 68 57 27 22 37 28 80 60 78 21 85 40 13 61 39 19 20 61 8 43 59 41 60 80 82 1 34 94 3 9 100 3 75 30 61 97 63 47 44 41 92 65 26 25 34 33 80 69 50 1 48 85 48 7 96 51 6 93 33 99 31 74 6 74 58 31 26 79 79 23 14 78 90 97 80 30 95 55 30 3 57 80 0 91 18 48 62 59 42 8 31 80 31 57 41 87 61 77 35 3 71 86 59 61 37 33 94 30 85 89 3
37 43 5 85 38 18 77 16 44 4 12 91 10 48 68 35 5 56 95 94 30 66 82 3 19 84 49 77 89 13 91 24 16 97 54 63 37 23 6 25 63 42 36 52 50 1 66 60 99 69 29 34 7 39 76 99 71 100 95 41 61 42 48 6 68 93 29 97 13 72 16 32 86 84 74 100 93 18 95 2 12 54 25 83 50 87 7 53 96 95 45 88 70 78 86 66 63 50 59 7 47 95 39 59 6 18 46 41 44 47 90 50 81 50 86 66 91 16 48 58 98 99 49 97 11 1 9 67 28 95 74 49 9 95 23 19 13 2 29 80 45 28 49 41 41 51 39 82 23 94
26 14 93 94 55 21 1 54 25 15 29 7 68 14 73 96 15 68 42 65 47 89 37 70 94 47 55 57 31 99 2 69 55 91 34 10 18 43 33 39 64 6 24 57 20 32 12 68 54 71 17 94 16 57 19 62 69 30 43 64 22 97 56 7 39 36 6 83 95 65 21 50 0 47 8 51 87 67 98 78 12 14 74 16 3 57 32 94 59 75 5 63 38 67 65 49 38 55 40 12 45 83 21 53 69 99 6 52 86 26 50 25 15 58 70 22 47 86 0 69 72 7 60 11 29 65 98 73 57 90 31 54 57 84 54 4 39 32 10 43 9 40 26 24 44 99 90 71 27 98
22 70 40 91 81 91 100 100 74 11 60 27 8 74 28 62 25 65 19 73 90 22 7 85 45 13 5 75 44 24 79 69 35 14 59 26 97 5 37 97 53 22 78 85 81 69 74 40 47 31 82 25 60 91 5 15 56 15 54 75 45 98 25 77 45 8 56 0 95 48 4 11 62 37 2 28 91 70 75 6 68 77 55 10 57 74 88 77 93 98 31 97 60 41 97 78 64 24 55 78 45 92 65 12 90 51 11 81 22 47 34 53 65 75 6 68 54 97 71 91 71 54 24 97 54 42 25 84 42 11 16 98 41 49 51 18 17 48 88 88 71 0 24 45 47 74 75 51 90 92
100 91 62 36 83 25 61 95 93 45 58 93 59 88 64 35 89 27 20 95 85 0 16 68 38 43 52 2 81 98 79 53 71 86 18 28 88 26 66 34 77 52 85 59 79 42 8 8 32 7 17 35 45 43 87 5 46 100 83 66 31 17 20 8 89 22 18 12 59 22 74 69 88 33 85 84 26 13 38 9 93 76 6 80 50 47 26 72 51 65 48 67 84 68 82 19 51 52 35 70 97 98 2 4 3 79 54 65 24 53 99 6 23 69 1 36 17 41 30 49 20 40 47 44 98 17 9 29 17 79 84 89 72 26 40 7 13 76 34 54 35 94 82 73 34 52 79 87 64 57
83 10 14 78 50 16 66 11 23 70 17 80 46 6 54 77 99 5 17 83 72 58 51 63 4 19 67 71 96 83 33 30 17 61 34 99 81 26 61 79 41 25 57 48 93 20 97 43 64 97 49 16 14 47 96 27 90 48 60 96 77 37 76 23 65 68 51 0 86 85 21 3 44 67 25 67 9 21 84 9 8 33 36 49 77 94 65 20 75 4 45 74 100 71 46 45 71 72 99 66 59 45 13 22 38 30 14 64 37 15 63 23 46 95 12 85 17 12 18 91 26 1 64 21 77 77 65 22 27 33 28 27 56 82 15 56 66 75 91 70 52 71 36 12 18 96 100 86 92 18
47 27 16 98 80 5 8 3 64 9 6 33 74 29 68 74 12 50 71 56 1 3 47 67 14 25 45 97 27 70 46 90 1 62 100 86 95 10 80 74 49 91 20 66 63 85 69 95 94 3 17 67 83 46 56 55 96 15 27 80 56 15 6 30 55 69 42 67 32 97 41 49 22 93 99 69 31 41 95 10 36 48 78 26 53 26 93 18 74 65 74 24 19 67 8 32 45 2 41 56 92 27 73 15 20 76 81 54 74 77 17 78 58 31 29 76 79 38 38 61 72 67 63 9 43 87 12 4 44 59 41 53 33 15 24 88 93 82 45 81 93 16 92 98 70 72 27 18 52 24
27 24 66 97 73 63 85 81 31 87 22 52 37 18 3 54 28 95 4 22 28 37 15 88 64 93 42 51 59 11 93 0 82 72 39 45 82 55 27 76 23 50 76 22 60 8 25 99 19 25 42 0 38 18 50 49 38 71 30 35 81 33 14 96 47 2 9 47 5 53 74 78 4 98 98 5 16 82 43 94 31 6 14 5 84 80 100 11 38 28 96 50 40 90 5 16 23 84 92 57 63 11 91 63 32 13 9 99 100 41 37 20 46 45 55 97 64 97 30 44 20 49 36 9 39 88 12 83 37 43 77 2 13 32 96 24 46 73 98 17 46 66 81 12 43 80 27 42 98 25
18 85 88 46 35 70 63 31 12 86 84 49 73 60 58 65 93 57 99 83 75 9 89 48 16 88 91 43 41 8 61 44 73 24 94 76 1 81 19 63 27 77 96 72 32 72 74 43 18 71 71 80 7 59 30 7 5 38 95 63 97 79 29 35 21 91 97 16 7 40 56 3 7 88 22 82 79 0 11 78 87 7 86 34 60 100 29 97 64 25 100 87 11 26 54 42 53 26 30 97 24 85 26 53 97 24 2 6 86 3 65 13 51 94 25 54 54 18 7 39 23 82 87 97 47 95 76 89 83 26 54 73 10 94 8 66 10 41 40 88 9 40 44 43 61 62 80 83 73 78
69 53 84 35 73 58 96 53 69 48 74 65 76 58 78 5 24 100 71 45 10 70 28 79 88 73 6 8 88 92 69 81 62 78 52 99 88 70 24 11 78 99 39 21 39 25 100 19 30 50 48 18 50 90 50 91 52 39 50 73 65 39 10 48 14 71 49 76 38 9 88 18 91 37 86 16 11 3 79 29 30 15 63 88 31 68 19 24 74 39 9 96 24 41 25 55 49 48 13 73 80 9 25 59 53 22 90 59 5 72 82 24 6 88 83 59 61 33 21 21 29 97 94 93 70 89 12 59 86 35 95 1 22 68 63 30 14 27 54 25 71 99 65 96 77 37 11 7 87 62
89 89 84 41 71 100 72 74 32 94 68 93 14 73 60 66 71 79 62 58 44 81 52 11 96 12 25 15 13 96 92 54 37 80 67 74 70 53 62 7 17 79 30 2 20 1 99 57 5 31 3 31 30 19 77 23 7 98 68 44 90 95 76 17 8 26 13 11 87 80 26 61 19 84 56 93 26 99 9 38 52 83 30 5 80 19 2 54 37 45 30 5 33 61 31 3 13 7 49 71 42 70 33 3 20 84 31 88 61 67 70 48 60 0 52 54 39 2 7 1 30 50 29 17 98 62 22 72 59 70 97 95 91 58 97 63 29 62 4 13 31 23 86 30 56 86 17 59 69 30
44 78 54 0 39 18 72 70 8 20 54 89 23 67 21 28 53 74 33 35 83 25 19 66 23 1 54 18 29 22 74 99 0 44 83 65 99 100 28 94 74 7 36 16 27 97 85 95 89 79 63 0 66 14 67 9 67 97 57 82 5 28 56 1 3 50 15 6 65 11 28 59 25 53 94 51 56 37 43 63 29 67 6 45 89 14 46 43 99 82 82 48 50 47 4 95 59 79 8 6 6 89 44 70 54 65 71 17 64 58 67 56 86 14 0 64 12 19 80 27 6 85 62 73 85 13 24 36 60 37 78 28 61 79 94 69 43 97 56 79 89 14 79 16 42 88 66 12 99 30
59 10 35 75 32 78 68 51 64 24 96 81 25 97 15 84 33 54 74 5 28 60 58 67 94 65 57 1 90 31 73 74 100 74 87 84 77 67 76 34 77 55 61 58 14 42 62 57 78 20 49 98 18 12 23 90 59 63 0 62 96 35 83 39 79 8 56 82 30 55 39 35 10 8 18 6 90 58 28 66 85 21 68 16 79 76 59 20 16 10 44 92 23 61 12 50 39 43 4 49 84 14 27 91 72 81 54 33 84 93 8 26 6 84 13 56 1 2 98 68 96 20 40 44 78 27 17 8 80 12 43 6 14 38 12 17 96 54 4 80 73 43 24 46 43 72 25 65 34 26
80 45 85 50 47 68 53 77 19 0 15 54 31 82 47 42 76 7 89 23 47 18 39 12 33 60 21 75 64 16 16 57 8 72 85 46 84 53 19 9 71 66 45 79 86 53 64 64 30 22 26 7 61 52 30 60 36 59 13 99 50 73 16 41 90 61 81 83 49 10 53 36 46 90 75 100 22 22 34 23 14 19 93 84 7 10 43 17 32 66 21 65 74 5 26 26 80 32 43 82 34 19 72 91 20 83 31 67 36 80 31 95 49 5 92 66 16 36 85 81 54 61 6 10 100 59 19 8 34 61 88 65 87 95 20 13 65 95 2 86 11 12 24 15 37 89 42 22 20 31
12 6 99 23 54 28 45 29 20 55 56 19 73 82 99 95 79 12 84 41 44 26 80 86 40 56 38 43 65 37 77 10 84 69 62 32 2 25 29 62 41 32 21 75 28 73 90 77 10 4 100 47 81 72 23 63 1 81 31 74 65 31 78 84 28 6 58 96 11 44 10 11 58 58 81 22 2 47 47 51 19 79 76 30 18 73 69 12 49 60 32 2 100 87 86 100 2 72 3 21 87 70 72 34 44 35 77 76 50 25 60 84 7 92 32 56 13 87 10 8 17 72 30 16 79 30 51 90 3 20 43 72 12 49 72 86 1 96 65 10 8 88 13 67 35 17 29 51 21 82
86 23 51 22 60 23 4 61 55 28 54 28 36 40 41 57 62 18 41 42 13 70 99 12 83 20 66 9 87 68 4 9 1 80 95 40 25 72 14 6 25 16 12 68 21 59 60 74 3 79 97 67 44 98 71 94 98 49 72 55 46 50 40 5 8 29 100 61 25 52 21 83 37 98 36 76 69 96 10 73 57 28 2 18 81 51 85 44 52 41 4 61 14 52 30 37 85 89 12 92 20 55 17 5 49 4 4 23 92 38 86 16 1 6 87 20 12 49 35 85 53 37 12 70 54 74 72 58 18 80 98 46 30 2 33 92 17 2 74 51 31 98 41 71 90 66 31 83 6 2
30 69 56 80 49 0 0 31 23 32 85 44 18 10 10 75 12 64 11 0 9 87 2 59 42 80 70 98 34 23 19 93 40 38 39 57 90 63 4 67 3 97 97 40 70 16 95 55 14 41 100 76 17 66 5 6 97 83 97 54 83 69 35 30 10 71 70 94 87 72 75 77 29 82 21 10 59 70 35 41 22 18 20 96 57 87 47 23 59 94 26 55 75 12 92 54 23 11 11 55 13 68 70 64 42 3 97 95 51 66 83 6 94 33 59 4 5 63 69 27 8 83 44 21 31 42 21 43 73 34 37 39 90 60 4 99 51 24 79 44 75 45 14 95 51 57 8 67 70 14
90 67 88 5 41 87 72 97 8 2 58 38 97 20 91 0 42 15 99 25 6 47 50 56 80 58 56 11 93 38 73 99 72 18 8 23 48 23 69 42 47 32 52 34 26 63 97 52 60 36 15 98 64 19 43 25 68 64 68 18 92 63 66 7 56 89 78 9 32 68 43 4 32 56 49 10 12 32 58 97 94 32 64 13 64 44 64 6 51 79 89 68 100 52 6 6 33 71 95 61 8 77 89 50 9 19 8 16 32 42 35 23 5 84 45 6 51 48 43 80 64 50 24 24 19 34 81 85 35 25 80 45 3 35 29 31 86 82 20 56 44 16 59 59 47 67 80 56 56 64
71 50 99 31 39 15 68 23 81 40 2 26 27 29 31 100 85 19 75 92 23 34 52 21 85 98 45 50 88 21 69 92 41 8 0 18 85 55 20 98 71 75 92 91 25 96 79 42 38 51 13 97 95 34 100 56 8 98 90 38 31 45 23 5 25 99 27 3 35 90 80 63 21 61 13 59 50 16 80 64 44 79 55 94 18 92 39 82 26 82 28 31 56 24 75 35 53 28 33 59 17 96 81 27 2 60 24 86 10 81 97 100 74 52 63 80 90 5 76 100 67 56 88 39 17 95 80 98 58 49 36 63 75 2 77 96 66 77 6 44 57 7 53 9 64 67 52 11 89 98
53 6 93 74 87 91 30 82 68 56 11 13 60 51 0 89 47 22 50 36 39 72 96 29 24 13 51 28 44 0 99 97 38 52 43 39 82 14 76 55 11 86 12 8 53 97 28 78 41 66 76 84 98 25 2 89 17 65 75 7 56 78 43 26 75 44 32 2 13 86 67 93 79 46 54 82 4 32 13 2 92 44 36 2 5 32 16 76 7 23 20 99 57 87 22 72 32 65 45 88 16 2 71 6 55 76 57 8 98 24 37 17 94 14 46 78 78 15 87 50 77 18 46 93 76 53 60 69 48 91 45 57 47 24 48 90 78 69 2 87 78 95 1 14 69 15 89 92 78 26
35 59 89 63 33 95 47 18 66 4 54 84 40 95 29 86 57 4 59 46 23 19 57 41 40 24 79 55 33 90 100 20 0 83 10 33 21 14 70 19 97 36 91 33 46 61 22 20 22 12 60 54 0 63 40 57 27 86 8 30 31 43 37 73 31 61 79 29 67 79 11 2 31 7 39 21 87 89 58 100 8 87 98 14 52 69 100 14 13 59 52 77 25 80 75 95 58 100 2 74 60 3 21 10 20 94 3 72 26 98 55 75 96 79 13 34 97 33 93 95 31 34 49 48 91 35 24 53 83 89 93 25 48 0 97 41 66 67 34 48 75 25 100 79 44 23 89 53 16 17
69 51 51 72 90 21 67 44 13 91 36 92 57 26 54 53 61 12 76 96 68 59 57 6 63 8 28 31 58 75 25 94 33 97 36 59 99 12 60 59 95 99 15 18 79 40 61 63 46 78 89 83 69 92 70 30 71 19 17 1 71 34 16 70 59 80 16 72 9 70 9 60 12 48 24 3 63 54 75 52 75 7 30 7 92 58 15 85 36 77 44 98 72 29 53 61 64 91 99 22 53 84 17 28 42 34 17 20 35 63 14 21 34 96 20 34 1 45 38 60 26 94 16 90 5 33 90 86 44 94 17 91 60 24 15 46 17 13 57 46 65 70 64 84 80 68 92 77 2 73
