41 53 89 20 52 50 37 29 21 72 42 68 97 30 75 39 92 18 69 91 80 39 6 87 27 78 49 3 9 57 42 16 66 56 77 78 96 61 92 32 60 95 77 89 73 3 23 71 77 49 94 12 25 18 33 61 93 5 21 33 10 45 58 97 70 28 18 21 42 84 37 30 90 95 88 82 97 35 2 15 43 38 17 50 99 43 64 70 47 16 80 51 92 31 53 96 23 46 67 54 81 46 9 39 46 31 38 41 58 10 14 81 7 60 51 90 77 75 100 57 77 19 29 53 83 86 93 70 83 32 85 29 46 88 33 8 41 30 59 87 15 97 84 75 6 13 4 81 97 74
8 6 47 3 25 5 81 88 25 34 16 5 70 35 9 31 100 14 71 49 44 92 11 88 33 67 79 63 67 1 51 12 100 91 13 56 41 56 32 35 61 29 69 29 82 6 84 74 47 38 65 91 84 97 80 20 68 49 2 99 88 91 83 82 64 92 33 64 92 61 76 69 92 18 67 10 98 81 69 68 16 31 64 31 18 96 59 41 45 63 76 23 74 7 31 96 5 20 70 73 18 44 16 22 42 13 75 53 53 63 100 10 52 51 97 15 92 41 100 53 98 38 14 11 17 6 78 8 23 61 56 1 85 60 24 52 61 29 90 25 5 67 73 81 55 19 59 92 35 81
8 81 7 25 90 0 13 25 76 50 62 95 60 50 75 41 70 83 26 89 95 38 88 62 64 66 11 79 78 59 5 77 2 62 95 89 69 39 56 2 2 81 79 95 89 79 60 99 10 85 99 91 63 4 3 80 8 55 95 10 88 2 70 6 33 74 96 80 73 43 91 41 72 21 6 31 55 68 73 84 12 45 17 31 80 46 96 65 58 55 14 100 67 66 25 21 24 8 52 2 75 58 87 58 19 41 13 27 16 11 63 31 58 23 32 34 52 70 43 51 67 30 29 34 69 16 87 52 14 28 75 7 89 59 89 19 33 14 70 90 3 19 73 31 31 68 54 74 92 59
68 19 83 90 36 18 48 55 47 44 34 37 58 3 9 77 46 35 43 72 11 86 34 18 41 74 91 27 8 21 12 74 72 43 11 71 24 77 63 11 59 55 2 86 59 8 8 72 92 50 10 85 96 6 34 19 15 82 48 32 94 36 20 3 38 10 77 44 48 5 17 51 3 78 67 96 1 71 87 18 47 30 99 60 81 36 46 52 86 3 90 21 82 30 22 50 79 36 100 70 51 77 20 62 60 71 100 20 10 9 56 87 88 55 89 65 30 51 20 4 29 72 5 25 5 67 77 77 87 69 61 78 27 21 12 57 91 90 91 16 51 90 17 37 72 63 93 1 33 63
90 81 22 76 72 43 91 41 7 5 79 67 41 66 23 97 81 16 35 18 82 14 99 77 4 3 76 35 37 56 20 60 16 38 94 93 40 92 30 5 43 21 57 94 100 83 67 41 43 96 27 45 71 74 74 63 18 85 86 36 18 72 7 52 46 22 64 85 54 64 22 55 94 94 62 49 57 14 87 65 25 100 20 48 47 95 15 96 82 62 93 7 39 76 69 21 50 93 1 39 90 89 31 78 81 19 25 96 57 97 21 20 100 76 93 11 83 33 27 60 19 2 23 80 95 67 79 84 69 38 12 80 37 85 95 99 46 59 58 22 99 20 84 60 89 97 31 95 14 43
85 96 25 15 33 97 68 21 60 88 62 12 29 90 33 59 29 37 67 68 80 90 87 14 49 30 66 77 90 57 35 57 43 59 42 7 26 78 77 79 8 72 90 75 73 97 3 68 13 95 81 49 45 90 55 99 82 74 61 67 71 72 66 7 95 49 27 37 20 44 9 54 98 40 5 52 34 84 44 76 83 1 98 66 68 88 59 54 28 88 61 2 64 22 62 49 15 5 78 86 12 32 50 18 49 26 77 86 52 28 57 95 93 70 74 60 78 4 61 74 42 23 69 46 83 94 7 1 81 26 40 29 67 81 76 86 5 65 29 53 13 8 63 91 71 95 17 37 72 17
48 19 69 93 81 90 10 77 97 42 18 17 49 89 57 40 14 76 11 75 67 83 89 8 43 6 65 15 28 89 12 29 47 82 76 100 6 15 21 85 24 100 9 98 8 48 2 55 94 79 15 94 60 88 40 2 17 52 35 100 14 49 88 66 11 69 81 59 43 21 28 48 2 90 41 39 62 21 25 50 77 52 23 81 3 44 85 29 29 67 34 27 22 32 46 70 31 22 3 17 37 40 3 64 35 2 80 35 38 45 12 67 93 0 10 15 43 2 51 68 36 34 42 58 50 52 40 13 98 68 65 26 18 53 14 44 7 60 66 10 15 88 19 81 8 93 80 95 87 79
2 13 12 19 53 29 55 57 91 85 83 52 59 89 85 38 47 17 41 67 55 4 24 69 14 71 67 62 79 95 19 96 66 67 37 28 58 52 92 71 26 9 60 46 23 100 62 54 40 77 75 44 59 100 43 41 19 56 78 100 62 57 18 1 34 44 35 4 6 4 53 88 7 45 86 1 77 82 5 82 61 45 75 83 67 58 22 71 47 94 78 34 7 92 43 38 40 28 63 77 60 91 87 9 19 55 19 41 58 17 5 66 57 99 46 97 62 48 35 38 93 96 3 2 93 59 100 3 28 93 46 99 7 92 54 80 38 32 20 56 12 74 26 12 63 64 27 77 88 95
97 35 80 35 66 82 46 5 86 6 96 18 14 68 32 38 18 59 17 65 4 60 87 82 74 53 36 45 16 16 47 62 48 20 49 89 61 64 78 96 14 96 10 88 95 68 67 24 93 22 21 85 43 5 29 87 21 98 57 17 65 65 93 22 79 42 42 7 16 80 37 34 34 12 6 41 9 63 19 74 2 39 35 5 50 13 41 71 48 45 1 32 31 56 54 15 44 13 84 2 76 2 16 88 99 71 28 48 53 15 59 34 6 68 19 48 49 36 63 98 29 22 93 57 56 16 30 26 28 36 65 69 81 80 35 4 22 69 65 24 2 39 48 50 26 74 94 35 51 54
58 4 64 6 5 77 85 89 39 87 25 74 100 27 47 32 35 38 73 66 28 17 38 58 66 14 56 87 9 97 73 18 74 39 82 18 95 90 8 45 35 82 90 29 36 50 52 64 33 10 100 81 38 58 52 62 89 33 71 84 28 35 1 75 51 90 73 62 8 90 74 75 61 75 37 4 58 10 75 29 39 74 95 61 56 75 54 42 98 55 30 70 16 98 52 64 82 81 98 1 85 18 94 18 54 74 55 49 10 62 80 46 3 78 64 9 86 88 91 26 26 91 100 42 15 92 63 92 69 66 60 74 43 76 30 92 97 78 49 84 83 75 79 68 88 75 4 23 25 21
76 24 82 1 57 66 68 62 98 42 8 80 22 8 72 69 52 9 96 28 73 0 87 45 94 7 78 14 9 15 21 11 71 29 90 8 88 43 100 85 2 42 83 39 19 79 79 92 57 12 53 63 76 66 79 70 33 79 0 73 88 97 27 12 60 17 82 66 16 88 99 77 17 55 16 28 22 96 66 39 1 5 68 87 36 27 51 9 26 54 56 48 78 15 48 26 92 9 77 9 75 32 71 0 51 26 24 14 66 89 73 73 8 23 82 52 6 96 21 70 21 19 59 71 23 76 52 59 11 82 84 39 16 81 98 63 8 47 10 65 33 51 73 91 99 37 4 70 57 4
15 97 51 24 17 31 90 37 87 66 27 56 79 77 98 19 64 6 99 84 84 65 18 38 16 0 7 3 86 73 48 8 44 23 21 65 97 64 15 66 68 33 53 49 7 95 21 39 85 68 61 47 6 94 34 59 71 79 1 68 97 39 84 69 87 75 63 45 54 34 57 35 34 58 76 73 74 20 41 46 66 88 31 38 53 47 3 44 54 88 97 27 90 65 3 27 52 65 65 78 93 67 42 22 18 18 43 87 15 69 66 92 56 8 34 61 30 93 3 15 26 21 22 39 26 69 42 96 19 15 39 60 81 59 5 51 16 10 60 74 6 97 31 20 17 100 98 53 26 67
85 5 6 39 37 23 41 48 50 44 48 95 55 58 20 30 83 54 27 59 7 12 48 12 21 9 32 1 6 11 53 45 36 14 89 86 56 65 97 96 93 74 99 54 17 49 23 58 93 74 13 21 98 54 85 9 86 74 69 50 45 10 60 12 42 73 13 89 0 78 83 16 3 44 72 2 58 46 46 10 93 40 37 9 24 1 51 62 23 54 14 10 33 6 2 51 61 0 18 86 19 76 96 80 94 31 42 94 74 32 40 5 68 41 17 18 0 92 36 31 43 39 93 33 78 85 96 88 11 57 91 62 55 90 6 76 78 76 39 21 77 7 35 13 2 86 38 92 9 52
66 50 32 26 49 8 100 57 74 46 46 94 94 34 22 80 9 35 41 65 81 98 98 97 32 12 1 4 1 22 66 32 0 27 19 74 52 74 55 42 47 43 44 25 62 19 61 62 35 39 84 30 99 33 54 71 0 61 60 87 32 4 92 21 68 71 57 33 42 98 27 81 51 53 81 97 84 32 9 79 34 91 83 55 33 90 76 39 38 41 88 22 77 50 41 97 54 39 78 47 6 31 87 7 8 33 97 71 13 27 41 40 40 97 11 68 92 40 72 20 68 33 52 62 28 11 56 3 20 54 57 36 97 60 49 13 8 33 8 56 36 51 75 100 63 13 9 94 83 94
80 55 31 1 20 68 74 23 32 43 77 11 60 47 26 58 85 81 27 85 79 0 91 6 86 74 51 83 76 36 82 12 4 0 54 55 69 8 20 99 43 67 28 32 96 56 37 81 11 75 54 23 72 5 94 9 85 47 79 55 71 16 69 61 6 20 6 24 56 8 16 98 10 66 59 90 57 11 11 72 64 46 48 21 59 83 68 14 48 86 18 49 95 35 40 56 81 19 25 65 86 3 56 88 77 65 97 62 53 4 47 73 67 2 31 56 88 46 84 41 65 89 27 27 56 67 29 59 32 77 34 86 69 87 55 10 76 15 77 63 61 71 77 82 82 5 50 28 86 40
47 95 85 20 18 59 23 88 99 93 13 79 100 41 64 74 71 61 2 28 94 56 36 76 40 41 35 31 86 90 13 100 72 18 0 9 61 5 55 94 61 3 62 24 40 40 99 36 93 98 62 83 94 51 51 21 3 36 81 95 1 54 41 55 60 26 33 63 75 77 16 29 83 18 84 40 37 86 85 72 91 38 47 73 97 54 36 45 63 46 36 47 26 79 71 66 93 38 19 21 30 48 15 89 48 36 46 30 10 60 81 80 9 46 94 64 3 56 2 67 97 83 36 71 83 49 33 54 35 70 7 98 64 91 20 57 47 58 67 73 58 33 42 9 96 100 92 47 88 43
67 23 57 99 52 90 32 14 81 93 8 27 76 48 53 15 46 58 2 92 86 39 61 15 27 89 97 89 47 40 48 23 54 25 57 90 87 66 82 79 52 68 38 60 66 2 26 93 39 64 87 18 59 27 69 2 7 51 71 74 76 8 94 59 12 70 44 68 48 82 41 77 26 76 62 14 86 58 38 68 12 77 94 67 63 80 84 33 85 36 86 83 50 73 0 47 50 18 20 60 15 43 2 14 23 48 62 90 100 51 83 75 70 100 2 61 8 71 92 67 41 66 94 27 96 16 27 15 14 25 100 27 92 49 13 80 70 78 60 62 3 74 13 53 92 36 53 89 65 1
26 44 35 9 86 41 70 99 20 3 38 48 66 92 3 35 19 58 68 31 64 25 96 67 39 35 74 87 62 11 19 28 10 15 81 20 94 14 68 2 87 96 84 37 64 45 84 95 30 70 45 11 0 72 12 68 17 3 16 87 90 72 3 43 59 37 79 45 71 30 61 51 77 81 95 28 40 11 94 88 92 52 58 26 91 5 45 12 63 82 6 77 29 9 84 51 20 73 84 3 24 77 82 83 19 43 0 5 68 89 100 10 68 12 12 6 92 24 64 39 0 82 20 91 58 41 68 70 57 19 17 3 98 47 27 73 76 92 83 46 37 40 28 6 24 3 48 36 12 94
88 80 20 15 1 75 40 11 23 79 55 39 51 42 13 75 42 14 2 28 6 93 35 97 71 68 64 24 88 29 20 64 0 96 35 16 94 100 0 30 72 33 10 81 29 67 33 92 63 89 15 59 61 76 12 83 82 69 89 48 35 1 15 54 53 26 22 89 83 46 57 91 83 31 29 72 20 90 12 37 27 41 85 32 12 30 81 76 5 63 66 25 18 30 78 90 33 97 42 22 60 95 53 86 44 47 51 92 53 55 56 89 19 13 41 82 19 82 87 21 27 47 95 12 10 72 39 99 90 94 44 8 10 52 71 38 67 12 89 53 99 43 75 11 15 20 71 70 50 41
75 38 45 35 84 50 12 53 13 40 18 66 82 48 39 3 0 3 19 24 82 25 92 20 79 0 86 96 59 76 50 20 36 67 1 46 38 59 65 29 31 12 2 12 46 60 9 31 69 96 47 41 77 59 20 36 47 26 59 52 5 39 60 95 2 61 1 69 59 77 44 87 36 37 67 11 13 54 48 8 74 71 31 33 18 63 4 43 72 59 95 93 100 95 36 12 36 42 92 65 77 0 42 91 76 44 28 69 80 94 12 79 46 40 85 80 56 16 84 69 6 53 21 77 95 78 8 13 59 86 79 37 56 23 23 31 83 77 69 36 59 28 41 32 25 60 14 19 96 56
78 77 12 17 94 23 72 71 14 12 46 99 62 63 44 96 54 80 93 78 19 87 59 85 31 11 16 29 18 31 81 62 54 48 4 41 62 56 1 29 47 81 37 82 35 98 52 77 8 12 18 0 72 87 84 25 48 32 70 12 80 66 37 44 90 13 22 84 88 59 36 19 59 74 82 38 10 85 48 32 56 13 80 59 48 7 42 14 23 44 4 24 62 17 30 83 56 97 65 38 94 62 78 58 70 0 37 55 64 92 0 62 24 41 95 15 56 75 59 63 10 83 86 66 1 14 27 51 14 54 84 30 85 96 77 17 80 64 2 20 15 71 98 19 25 48 54 93 100 91
22 63 75 61 73 16 71 3 44 21 78 85 36 17 69 28 66 26 21 58 49 67 14 32 16 87 88 77 50 82 72 70 95 93 53 9 23 86 16 66 56 90 10 59 40 50 63 25 24 97 53 37 100 16 46 43 2 86 94 87 64 76 45 81 39 54 16 87 51 11 58 75 96 54 95 25 80 7 1 17 47 100 38 45 90 68 39 0 59 62 26 35 72 98 48 15 72 28 44 23 62 7 86 60 48 94 92 57 49 94 99 56 57 58 99 50 3 100 2 79 3 79 14 68 15 63 11 72 67 13 70 69 39 90 52 84 15 70 12 93 66 23 0 78 62 35 78 17 53 41
38 48 48 29 4 22 85 53 65 17 84 38 56 6 96 82 55 79 94 65 13 12 8 41 27 81 71 55 28 47 75 3 84 5 3 5 20 94 89 37 1 38 73 65 94 73 4 29 32 50 42 97 9 16 44 57 61 83 66 0 60 59 77 52 38 9 55 32 54 51 31 6 30 70 20 52 56 69 17 18 32 22 17 77 60 83 60 59 96 98 95 26 88 64 97 75 29 43 62 11 83 24 86 12 59 4 29 52 94 75 93 84 63 67 88 41 15 71 18 13 19 45 25 88 28 88 76 66 58 68 49 69 45 67 7 52 92 83 79 53 59 60 98 16 70 74 46 20 13 89
24 39 29 70 12 76 94 31 45 79 54 26 24 83 8 10 90 80 68 87 45 27 37 24 46 51 66 69 36 85 68 72 51 54 18 8 65 64 51 16 86 78 62 10 20 53 3 1 68 29 75 73 61 36 74 54 51 63 62 41 11 15 59 98 77 16 38 44 75 19 81 73 22 60 87 74 0 66 45 1 93 40 99 92 58 21 27 44 91 0 39 48 54 82 40 98 99 84 7 18 51 2 86 90 12 39 65 7 60 71 100 11 43 46 71 68 21 84 83 45 6 38 87 38 71 33 44 66 64 50 71 2 97 26 70 32 57 20 45 37 16 66 56 74 58 38 99 45 27 12
80 80 56 88 91 83 13 100 98 22 53 63 61 84 86 33 27 66 77 23 28 85 29 2 88 60 50 30 31 67 76 89 85 60 40 27 92 52 23 51 24 67 15 46 67 21 81 47 28 79 57 50 87 39 68 59 52 33 35 65 85 37 5 61 32 84 40 5 6 60 99 46 3 99 12 78 99 91 99 92 59 65 33 87 42 72 49 92 92 23 60 67 33 81 66 35 3 2 97 67 96 86 3 54 12 27 56 65 44 46 39 19 43 29 99 55 19 82 59 72 40 68 51 57 53 29 10 90 64 75 33 10 59 93 70 17 10 19 13 74 90 50 72 93 72 44 24 40 99 79
27 53 11 40 8 48 52 87 70 42 81 71 28 67 1 15 11 6 28 32 0 42 97 25 42 42 23 66 9 3 69 62 66 1 49 21 15 81 5 64 60 93 86 30 87 37 34 24 96 70 15 23 26 73 15 92 88 58 83 87 94 68 76 28 35 54 1 37 62 21 23 8 86 56 73 20 98 17 24 96 58 23 8 33 15 6 53 97 25 40 73 18 47 85 62 73 68 67 77 95 43 36 76 62 91 4 80 4 19 80 12 0 34 60 90 61 7 80 15 43 95 49 96 28 51 87 51 77 49 40 89 93 26 54 29 71 43 28 68 54 59 7 28 14 39 34 1 57 73 47
78 39 31 54 31 23 30 86 99 80 15 68 31 60 77 80 73 25 95 12 86 36 51 64 85 54 4 71 84 22 4 50 99 23 33 27 49 8 6 24 74 72 64 65 32 23 35 54 4 64 43 71 22 96 40 52 56 28 78 30 11 55 32 84 58 8 44 60 35 61 75 60 3 42 52 68 69 28 32 68 12 53 40 38 55 19 39 67 97 86 59 30 59 25 1 18 70 99 78 39 14 26 54 13 0 56 12 85 49 38 39 63 62 79 36 9 62 46 18 38 77 69 93 39 77 71 97 19 56 33 84 71 40 40 2 64 20 80 91 50 22 77 4 7 69 91 43 41 24 24
14 10 99 28 82 57 92 29 9 6 71 11 42 48 74 37 21 42 95 4 82 47 55 46 30 85 45 66 47 81 77 2 1 25 32 12 13 16 78 10 35 49 10 73 93 83 18 37 9 39 98 70 41 62 35 11 47 38 54 1 18 40 68 63 73 58 30 44 3 71 28 57 63 9 16 13 70 28 65 80 46 95 54 53 5 20 1 20 27 51 42 36 29 60 35 71 24 18 67 93 37 56 50 48 98 35 0 69 59 77 15 17 39 60 86 34 54 77 21 22 72 93 83 61 32 34 51 43 56 85 3 83 0 69 59 43 7 37 0 49 88 14 78 70 81 57 78 59 42 58
96 28 72 31 70 65 59 2 14 79 52 21 10 31 0 9 100 45 61 23 91 49 72 30 39 41 97 89 44 96 43 45 24 72 85 41 0 89 92 88 1 95 42 41 44 26 65 68 96 8 59 6 88 74 24 49 52 53 28 91 17 75 75 49 44 26 41 67 88 46 37 39 91 35 21 78 33 29 31 0 46 20 75 51 32 60 15 8 3 33 30 33 36 49 57 35 23 23 29 49 44 60 8 90 72 54 69 3 34 86 2 59 80 80 26 34 6 88 48 32 2 26 35 73 68 27 95 92 69 2 29 79 25 2 67 12 7 37 35 53 30 89 24 76 53 77 10 49 97 48
80 1 31 3 89 75 92 11 42 51 89 47 84 69 76 68 85 16 12 31 88 89 73 71 62 16 19 84 44 84 16 90 40 16 7 67 66 18 83 60 6 59 41 36 73 39 25 72 58 29 64 90 76 64 57 77 82 47 30 51 43 2 3 14 23 49 78 11 27 39 30 42 70 66 73 0 8 43 6 74 39 82 25 85 64 66 84 66 19 63 75 16 38 55 43 49 99 91 3 60 6 36 37 93 9 75 75 47 36 30 93 21 33 6 46 7 62 58 100 70 38 22 13 6 52 63 34 43 47 59 65 82 46 47 43 32 80 0 24 39 48 0 35 37 24 52 35 50 28 63
52 85 49 59 78 40 1 51 96 96 3 52 11 5 5 93 83 32 78 51 80 1 35 62 66 24 60 73 2 53 11 68 93 50 20 99 61 32 42 44 67 44 7 57 16 2 56 63 74 49 62 88 59 90 51 74 89 32 36 85 23 35 32 56 48 78 26 98 97 80 89 54 76 22 38 99 69 14 20 60 24 85 73 11 48 39 40 100 100 48 32 91 19 62 11 44 38 88 40 67 36 1 51 87 66 96 80 88 58 83 42 50 76 43 32 29 92 29 55 22 31 74 6 96 74 18 46 29 18 19 91 10 80 36 1 98 65 26 75 51 38 97 84 13 98 85 45 38 29 57
33 99 41 52 13 94 48 47 52 56 69 4 80 86 13 58 96 71 46 33 77 18 65 48 8 49 44 61 52 68 20 81 99 93 62 65 21 80 55 67 67 73 87 92 23 74 48 71 80 66 23 74 63 73 45 7 54 14 81 13 34 92 13 57 29 35 31 10 45 68 40 52 0 63 6 39 46 11 89 12 49 10 98 23 18 35 36 61 38 82 4 63 22 55 57 89 49 78 35 100 11 96 72 76 84 97 31 60 74 92 19 12 1 50 83 44 70 89 51 98 5 81 83 9 30 44 49 82 88 43 11 40 78 86 91 25 84 95 49 65 93 95 92 18 44 50 6 78 77 72
66 86 79 65 34 61 57 82 10 70 54 49 64 95 41 29 46 63 65 30 12 22 13 85 37 22 74 97 98 89 50 27 76 58 90 9 18 73 72 62 73 40 67 6 88 43 53 71 8 70 33 98 5 42 27 22 26 38 45 18 3 24 25 11 66 68 99 67 61 61 77 78 62 27 39 64 66 2 41 99 86 64 21 18 12 13 73 79 12 40 87 57 70 34 20 42 86 85 77 12 40 45 44 27 1 51 95 86 72 46 73 19 69 77 37 1 97 4 52 45 42 6 50 41 40 3 26 56 3 27 45 39 25 30 33 93 15 97 84 66 76 12 1 18 77 48 97 89 44 25
95 18 57 80 21 67 11 39 82 67 87 29 59 67 75 53 98 2 6 76 93 96 10 30 92 52 32 8 96 11 10 57 90 51 0 26 1 33 37 17 46 31 79 58 40 86 27 35 16 55 46 48 47 84 62 18 24 21 51 38 7 69 97 74 30 36 62 23 79 56 99 10 65 95 60 90 4 95 85 94 86 91 80 36 57 60 12 38 99 5 37 57 99 100 8 5 80 35 37 53 84 96 46 1 77 54 5 25 53 79 57 9 0 27 71 51 61 46 67 5 35 12 47 26 90 83 18 100 27 97 10 8 41 82 15 16 99 77 48 42 79 41 35 29 20 79 75 89 25 21
91 56 87 64 43 100 49 35 38 43 89 75 20 38 67 2 74 15 91 24 94 85 76 24 3 1 90 19 31 45 8 91 45 77 17 12 8 4 35 35 13 9 25 48 93 33 39 61 49 77 41 78 10 22 62 2 96 96 72 87 36 60 4 46 100 92 35 37 67 44 36 33 92 5 18 7 19 2 86 72 4 18 49 55 76 10 9 45 29 94 34 100 97 42 22 66 99 17 49 79 4 4 16 0 64 8 50 49 93 2 35 94 78 98 58 36 70 80 20 72 19 19 73 97 43 21 54 52 51 70 27 6 4 93 68 93 35 96 72 77 46 91 22 59 85 24 83 42 34 91
46 82 87 11 11 72 18 24 61 47 100 21 41 57 36 36 24 47 16 95 75 28 94 17 0 88 90 68 63 77 54 49 83 15 3 98 68 85 54 1 74 31 7 82 39 14 90 84 75 4 99 16 34 2 81 61 35 99 56 8 43 68 34 73 5 20 0 99 83 36 90 90 100 17 19 76 17 81 81 4 41 34 18 52 1 59 61 22 96 63 20 92 36 36 8 54 6 10 57 3 98 62 51 99 90 92 18 88 65 15 35 36 65 18 13 19 19 80 39 51 25 79 70 85 34 2 55 60 27 16 8 54 5 85 60 38 3 90 99 1 69 56 91 89 0 97 0 71 37 84
90 85 95 84 1 63 89 79 37 23 53 93 44 20 37 61 41 34 7 34 75 67 66 28 76 39 27 74 88 100 96 5 67 13 37 54 5 61 15 91 51 76 81 11 2 9 41 53 24 78 34 61 2 3 33 55 96 13 43 1 16 36 36 72 65 13 56 82 93 7 66 92 90 54 67 50 36 69 51 34 14 66 68 36 16 20 65 74 44 46 58 38 89 66 9 81 49 53 78 48 46 51 0 14 7 8 7 81 39 22 3 84 26 32 100 43 55 57 54 11 90 83 45 39 65 97 9 40 1 66 97 19 96 78 92 78 90 64 74 1 12 6 24 45 79 99 95 55 29 83
96 38 72 57 38 63 35 9 11 31 12 11 19 93 83 29 23 51 83 69 29 50 20 5 81 53 96 5 28 8 74 98 62 74 82 48 71 68 75 70 19 71 33 67 74 19 72 85 93 46 58 91 22 45 45 46 0 96 90 0 10 65 15 62 45 28 100 45 78 83 95 53 22 1 86 98 46 5 99 65 90 78 97 42 41 13 80 30 41 30 73 3 48 66 38 52 24 52 85 23 5 97 26 63 50 8 95 58 53 15 74 19 28 84 72 73 42 40 38 74 44 83 72 54 31 28 50 49 70 43 26 45 3 18 60 48 39 98 46 19 22 28 40 49 71 45 87 83 96 85
64 46 52 44 54 48 39 26 46 44 99 55 39 94 13 41 11 71 50 29 5 10 19 91 0 19 15 82 62 33 16 93 89 91 64 88 22 7 14 35 2 33 4 53 4 48 52 44 73 3 84 53 53 60 78 28 55 92 96 56 36 47 12 4 97 69 52 24 96 83 26 21 33 75 27 97 98 10 43 74 88 55 19 63 70 22 64 33 54 43 48 67 1 79 43 54 32 65 57 1 79 92 73 53 60 51 96 57 94 19 83 22 18 61 84 5 21 15 28 69 29 22 59 11 93 24 67 68 25 54 7 97 23 18 75 98 73 18 95 26 89 52 16 93 36 78 65 65 29 35
56 35 58 49 8 89 60 22 57 71 34 75 39 82 16 57 81 88 33 75 10 80 78 59 8 70 57 5 84 35 38 32 48 55 69 71 56 51 1 2 75 43 61 31 65 48 77 53 100 93 82 76 58 30 47 21 85 3 55 91 83 63 69 8 78 66 14 12 73 47 94 1 34 81 6 94 63 10 94 43 92 15 26 54 76 68 9 77 38 13 64 35 93 29 25 45 9 98 68 23 84 98 1 62 68 16 82 56 73 51 8 75 81 6 11 43 49 18 20 92 18 69 17 48 31 5 57 16 26 72 49 78 46 75 67 7 8 96 91 10 89 72 44 29 24 58 73 55 97 100
43 52 35 59 32 15 20 89 22 100 16 99 83 95 25 80 75 54 99 27 67 90 8 17 68 73 8 9 37 19 52 69 76 85 8 59 7 0 43 58 98 83 4 3 13 6 21 25 82 100 41 28 15 48 63 69 30 24 42 74 9 64 56 95 62 20 16 41 81 89 43 43 7 55 11 64 42 43 8 5 88 28 1 5 1 26 4 78 78 35 1 11 73 72 16 72 82 67 47 55 96 1 55 41 69 13 51 7 20 50 37 40 8 8 78 53 96 61 4 17 39 31 54 57 57 58 13 50 14 75 40 74 16 20 50 3 33 8 75 49 33 44 80 60 86 55 18 76 9 1
90 77 74 53 93 75 92 3 17 83 92 43 65 66 37 95 37 97 95 56 7 74 92 30 48 66 48 13 65 78 93 66 77 0 65 25 1 16 18 15 18 84 14 67 11 69 79 33 7 80 50 79 3 28 94 51 80 96 18 9 76 22 100 79 53 74 67 62 48 93 53 47 64 56 63 84 56 70 44 72 95 57 58 48 98 27 95 34 69 93 22 50 82 60 58 44 47 0 56 86 19 48 81 44 24 62 79 97 2 96 54 44 47 13 22 94 34 19 6 12 1 37 6 47 15 20 13 92 41 92 0 10 13 21 10 50 77 64 85 19 44 34 62 76 96 45 0 40 24 44
12 55 14 55 26 83 49 27 56 87 78 97 92 31 14 59 38 97 15 73 31 5 42 78 38 89 35 61 88 34 70 18 83 68 25 17 49 67 30 7 98 91 40 32 26 20 47 62 26 34 98 81 97 16 64 50 46 30 2 78 10 0 90 74 14 40 48 77 16 74 16 67 20 87 82 69 93 69 53 76 14 73 29 68 71 94 92 88 93 68 37 3 33 47 72 20 22 79 47 3 34 87 66 32 64 49 55 17 99 35 47 39 80 36 77 3 33 81 98 17 85 80 68 54 66 83 56 75 19 67 4 60 11 76 88 45 36 64 18 36 78 98 27 19 93 64 84 42 28 17
39 11 18 89 94 47 79 99 60 42 58 98 1 15 96 85 78 80 47 59 58 77 18 46 22 57 81 92 8 75 77 70 72 82 47 100 0 32 54 14 35 60 96 0 0 43 64 72 46 61 60 78 100 62 34 84 15 4 30 10 20 85 56 69 2 69 86 14 35 87 89 24 14 41 41 2 40 47 24 53 21 22 29 78 24 47 15 31 42 37 47 97 78 22 93 99 3 46 0 11 82 31 79 76 17 38 48 67 83 66 17 47 2 45 50 1 36 89 85 41 13 90 60 51 21 91 67 72 10 71 65 94 61 9 79 57 55 26 61 68 88 34 38 87 60 59 3 49 35 19
4 22 70 4 18 57 71 84 15 10 75 70 78 62 21 4 89 36 27 58 12 83 63 6 29 7 39 5 56 93 50 99 52 19 63 18 77 32 83 64 42 90 33 85 65 45 61 42 85 18 30 19 48 89 48 81 0 22 56 94 19 19 0 57 11 52 86 48 28 69 7 48 65 81 20 44 57 0 43 100 70 75 27 18 21 38 52 7 99 41 72 51 7 92 75 91 29 16 87 28 7 42 76 84 62 35 90 98 79 5 7 66 87 45 55 89 59 39 66 2 32 82 29 34 63 51 47 71 43 36 24 97 5 8 67 25 76 90 49 87 40 50 94 90 80 25 13 3 100 94
41 7 33 75 11 94 19 89 2 51 100 51 26 87 92 39 24 41 90 45 95 73 22 92 89 95 54 55 5 31 91 1 36 17 62 59 95 89 35 57 66 73 5 96 43 16 12 52 48 66 20 91 97 75 71 62 86 39 91 16 27 0 62 70 59 80 48 94 79 80 24 47 85 56 68 25 79 68 34 74 18 10 95 71 69 86 57 8 38 72 98 98 26 94 6 20 84 90 12 58 6 64 75 21 70 53 45 95 60 42 33 8 46 5 77 19 55 60 79 89 48 71 66 50 93 81 2 91 37 100 97 62 52 14 97 88 57 7 84 49 40 85 73 8 12 85 73 45 92 98
23 89 18 56 93 1 19 71 71 40 77 51 4 94 72 77 51 67 17 42 85 36 7 0 7 9 88 75 27 58 82 83 63 83 52 5 58 77 21 67 32 60 25 99 31 79 11 95 7 40 95 85 32 6 80 38 51 92 41 6 19 87 4 14 88 87 88 90 100 1 97 8 85 96 35 65 13 0 99 41 68 8 30 31 100 18 89 87 11 52 91 33 90 63 82 91 34 8 0 70 89 14 2 84 98 12 13 41 80 6 28 39 94 25 67 73 34 9 33 51 91 72 63 55 74 64 70 72 75 51 42 66 46 72 98 82 58 96 91 15 1 58 12 72 41 0 24 8 78 25
24 93 89 72 53 33 39 79 68 68 69 73 56 15 96 7 90 89 15 53 7 94 0 95 2 81 18 81 9 33 41 4 87 71 34 22 91 89 87 53 99 5 82 54 33 76 39 36 94 29 10 4 30 82 39 10 82 4 96 25 99 86 91 22 7 43 80 93 16 87 62 5 61 80 28 89 65 43 74 34 87 17 82 100 17 81 31 24 41 46 75 38 1 20 77 36 13 9 71 92 83 8 2 60 71 35 31 28 47 51 80 96 20 64 8 74 34 58 19 7 82 46 78 52 32 52 45 69 42 44 47 42 1 60 90 51 8 3 38 60 99 84 39 71 86 51 20 19 47 67
76 53 2 90 33 16 27 61 40 70 78 17 82 8 70 99 83 53 42 73 96 78 75 53 81 48 6 34 54 39 24 28 57 40 43 5 67 81 89 19 94 20 32 54 89 7 65 21 46 43 73 10 60 19 27 93 35 77 16 50 34 2 17 6 65 57 31 21 41 89 18 60 81 22 2 35 6 49 55 74 86 0 88 96 88 67 36 47 45 47 92 8 77 51 16 86 1 51 4 24 41 72 62 44 67 73 9 16 100 51 49 44 27 52 19 39 51 12 30 69 90 47 4 91 89 75 22 59 25 46 43 24 3 29 52 29 91 40 24 36 7 59 15 31 74 6 89 15 86 59
94 93 74 17 15 89 32 100 57 80 77 20 17 26 100 34 12 89 64 75 22 88 65 75 3 50 20 82 46 85 95 14 58 51 72 36 9 6 64 28 84 43 60 67 61 23 11 98 31 76 22 59 56 49 53 94 13 88 83 3 36 21 72 32 60 37 46 49 72 100 59 38 71 85 48 7 87 23 11 62 64 27 28 27 58 76 15 62 81 26 67 44 66 41 75 15 16 41 74 18 72 12 47 20 56 77 48 9 62 21 1 25 4 100 35 31 36 83 62 15 22 54 45 16 10 14 35 56 10 53 42 81 24 14 73 25 94 35 43 83 12 42 8 74 18 14 38 91 77 48
84 72 3 53 31 93 94 87 4 95 67 62 22 93 76 5 51 17 19 61 46 79 68 98 97 17 44 16 97 36 6 49 50 9 85 91 67 18 78 85 25 10 49 22 64 59 49 79 10 88 10 2 0 53 10 71 94 55 4 12 85 60 95 75 55 20 51 4 37 48 32 98 95 31 0 16 23 25 59 18 86 2 86 69 28 36 13 86 16 53 31 100 72 66 57 37 97 79 82 13 43 55 54 75 100 80 72 40 37 71 90 33 18 53 37 13 13 16 22 78 7 38 60 32 51 41 28 88 70 12 37 68 39 85 26 36 42 95 25 94 3 46 71 54 37 81 8 13 73 54
41 60 72 10 99 14 97 12 84 79 89 84 73 11 100 10 81 53 15 95 36 88 53 6 24 76 95 65 93 75 11 94 44 84 78 98 75 17 68 72 87 0 1 45 43 84 68 16 23 67 96 99 21 53 0 69 56 22 47 13 40 80 41 21 75 83 26 56 17 34 59 13 13 76 77 9 80 45 37 36 20 70 12 42 89 43 69 46 33 92 100 56 96 19 67 73 76 39 55 95 36 56 43 100 49 15 32 10 53 31 47 0 71 32 28 43 36 33 6 41 1 92 12 83 17 77 35 41 82 33 58 50 61 83 83 17 46 72 34 10 45 32 68 93 45 20 14 62 29 91
60 47 26 86 51 82 50 89 36 91 61 92 26 53 48 72 10 58 36 25 30 1 13 40 30 51 18 35 1 77 97 54 68 100 4 54 15 19 88 44 19 93 91 59 21 51 99 14 54 78 5 18 64 52 52 10 53 89 87 68 48 60 46 21 10 49 55 13 94 8 94 1 94 67 91 79 20 13 27 70 51 48 65 55 6 41 37 69 19 55 37 69 90 73 19 22 93 30 75 42 67 16 30 82 27 69 57 7 53 92 55 24 17 25 64 73 24 6 68 19 41 15 95 30 99 10 26 85 90 68 18 79 14 98 59 97 76 50 53 38 85 89 11 98 30 5 76 8 61 14
90 22 76 46 93 55 69 13 76 82 32 37 87 75 9 52 31 69 32 56 12 19 98 20 29 86 92 38 66 56 83 96 83 63 59 53 46 33 65 45 36 10 74 58 65 94 65 0 51 11 1 50 61 97 30 43 38 48 19 5 55 36 91 24 17 76 38 78 100 60 65 13 66 10 16 3 11 26 44 42 89 78 15 98 58 7 32 50 46 49 26 94 17 94 60 98 65 73 4 31 26 61 68 69 54 89 76 64 22 53 8 62 77 57 64 0 10 70 32 78 59 48 8 56 35 76 84 7 6 8 73 48 15 95 85 92 35 64 83 45 14 52 5 60 70 58 6 9 78 59
82 51 53 65 21 77 97 7 11 39 35 92 24 76 79 29 88 20 70 50 98 50 31 44 1 17 90 25 72 11 61 16 59 70 10 2 34 57 73 63 11 41 69 49 63 10 90 2 22 98 54 25 56 90 96 1 69 34 78 77 6 82 92 7 39 36 13 68 73 76 35 94 77 11 4 3 62 49 60 70 86 100 73 84 7 71 44 72 55 51 32 100 53 53 88 38 52 38 53 76 93 45 45 8 46 19 42 12 94 1 37 33 50 95 2 57 38 52 49 1 96 26 65 66 42 38 21 80 63 61 78 48 98 7 97 50 62 86 63 21 91 4 8 47 56 6 82 64 53 71
87 65 28 78 64 73 37 82 8 45 65 51 86 13 60 4 55 93 83 5 99 82 60 65 88 20 66 13 56 17 81 35 27 83 59 16 6 64 65 56 41 18 65 0 97 76 21 26 3 66 36 59 4 65 71 95 21 97 9 0 41 94 3 2 15 81 50 52 13 24 95 15 51 79 62 21 74 52 76 60 22 63 56 83 84 30 62 100 39 5 36 38 98 97 24 89 52 91 75 83 95 76 20 18 81 8 63 46 50 67 15 63 53 86 73 49 88 98 90 5 85 97 65 53 79 43 8 99 82 1 41 45 84 57 38 62 37 71 87 79 24 64 84 51 60 33 56 8 97 4
50 73 92 71 0 57 67 44 62 19 94 5 39 29 32 16 13 8 19 50 6 13 44 74 85 1 90 57 18 16 94 3 86 4 90 63 59 92 32 57 15 81 27 67 23 2 93 77 91 49 5 24 51 30 16 94 9 30 65 74 70 94 81 74 80 58 66 78 47 91 1 68 82 19 42 17 37 79 33 95 66 45 97 89 5 99 15 71 100 9 33 24 64 95 47 90 38 71 43 42 94 45 90 44 51 32 27 94 69 94 39 19 14 0 45 92 8 84 15 100 75 36 76 29 90 47 43 61 27 74 65 1 26 72 31 0 69 85 11 66 68 28 21 64 32 83 13 51 29 50
89 5 5 16 29 89 74 45 87 14 2 24 25 47 43 18 92 24 88 86 35 63 91 29 62 44 9 89 76 80 51 26 70 47 55 68 94 75 48 25 98 9 31 7 17 10 55 49 10 39 37 27 68 30 28 14 69 51 9 90 47 28 72 41 21 10 86 45 35 99 30 63 91 81 91 24 3 30 49 66 16 99 18 55 66 67 95 17 7 91 36 40 62 16 15 94 29 24 23 27 80 42 71 50 73 93 33 13 97 65 56 24 84 56 36 33 54 55 60 36 85 71 41 64 28 4 22 58 45 45 71 11 94 53 71 87 93 44 51 87 6 1 48 90 86 74 60 37 63 18
23 17 66 18 65 73 51 60 68 66 88 36 37 44 50 30 33 55 31 3 31 44 60 5 34 36 9 21 30 11 15 71 24 63 62 39 66 94 75 37 73 46 23 33 84 0 60 43 42 14 6 5 15 33 43 84 68 72 66 49 65 25 48 51 59 53 70 49 100 82 57 10 71 24 66 46 26 63 38 21 8 1 86 45 14 27 68 98 32 99 29 84 55 46 11 88 93 75 35 14 76 86 93 74 88 34 95 21 93 31 86 78 28 36 65 95 40 15 35 17 83 65 4 89 81 31 8 79 10 62 47 43 95 73 22 14 73 93 48 60 45 9 74 81 62 45 46 7 71 43
57 98 56 92 21 39 40 48 52 17 48 6 65 52 32 95 31 60 45 15 18 44 67 49 59 48 63 34 17 33 10 9 48 31 57 84 47 39 11 22 99 46 15 16 83 29 90 65 60 23 13 63 0 23 67 67 69 47 82 10 27 10 15 64 9 94 16 65 60 16 88 36 58 83 45 77 100 33 30 61 32 67 48 53 16 16 71 62 92 34 56 7 10 60 7 72 96 77 84 36 37 92 89 89 78 66 47 1 31 64 16 63 77 61 5 73 67 52 51 56 22 58 6 83 94 64 50 56 41 25 40 96 15 41 31 82 82 4 44 75 12 63 65 12 73 99 33 64 24 9
95 55 44 91 48 93 10 33 90 53 69 5 76 74 82 97 55 2 85 52 49 36 76 54 92 89 5 94 73 39 73 86 76 37 24 72 85 22 38 32 96 3 96 4 64 66 65 28 66 17 59 32 11 19 100 52 13 27 14 1 16 15 2 37 70 56 26 6 0 13 58 95 23 29 66 31 7 18 51 3 15 25 11 54 7 82 7 79 77 27 94 24 2 43 96 20 54 10 39 48 42 83 3 83 57 69 77 84 29 74 69 94 99 27 32 52 29 6 83 78 83 82 65 48 38 85 35 50 1 34 93 73 59 70 50 26 13 3 44 34 5 79 36 29 9 87 35 30 68 31
80 75 99 94 92 41 69 35 7 78 27 1 57 94 99 64 62 60 8 35 78 44 6 39 51 92 56 40 0 28 59 96 76 49 30 81 90 37 22 64 27 43 44 54 42 6 78 19 78 34 29 14 74 40 89 20 32 80 57 1 46 46 32 9 55 26 19 46 20 56 50 70 32 64 44 16 54 91 94 16 76 5 91 34 0 79 69 96 92 54 57 36 77 83 36 21 8 8 61 44 38 91 37 19 72 97 73 7 97 55 58 85 5 75 97 53 23 77 55 67 30 56 96 47 89 14 24 90 94 31 64 6 90 62 7 77 82 53 42 57 10 0 65 61 90 77 14 3 75 28
2 4 33 94 67 99 13 44 12 51 1 88 37 79 20 40 34 77 51 81 40 89 46 40 33 39 83 41 64 94 76 5 26 62 68 28 97 41 97 86 84 21 32 53 53 12 63 43 72 99 49 77 95 66 51 7 17 9 45 42 2 30 32 13 48 57 96 40 43 12 53 56 97 84 100 49 38 61 79 3 97 3 81 87 34 43 10 44 32 5 82 47 38 30 8 64 11 56 49 25 34 96 57 78 29 87 51 68 50 82 33 42 28 34 17 22 35 75 52 10 41 57 68 22 11 80 60 73 47 31 76 76 57 56 69 94 21 6 63 73 82 46 76 77 61 26 44 54 40 2
50 36 16 63 57 42 70 11 4 86 95 46 62 19 90 74 19 42 96 48 98 40 48 71 15 100 23 50 23 54 94 70 7 63 90 19 89 89 59 96 23 80 37 67 46 19 61 53 22 62 80 99 7 18 22 61 13 25 78 80 68 79 82 61 84 4 47 74 57 3 14 21 13 71 64 81 58 93 39 43 28 13 58 27 5 36 13 17 18 17 91 91 57 87 87 46 66 77 37 81 41 16 48 90 11 59 63 48 67 29 42 75 25 31 45 24 20 57 29 88 36 76 38 20 31 68 24 74 60 33 82 31 97 23 34 71 53 31 67 55 91 5 14 91 12 63 23 20 41 7
2 97 85 94 91 28 78 26 75 9 70 58 1 81 4 35 15 76 34 70 19 100 91 83 13 32 10 5 12 3 86 6 30 2 64 12 62 86 82 17 32 37 77 71 65 97 20 65 26 97 80 17 49 62 62 55 50 51 91 75 100 90 95 12 86 19 22 3 73 11 98 21 33 63 61 19 64 47 41 64 55 95 97 29 66 48 68 51 63 40 23 57 68 26 4 42 12 72 41 38 38 32 62 6 56 46 36 5 43 50 70 1 31 79 34 9 70 20 57 96 37 21 36 84 6 32 53 62 7 30 71 39 91 55 94 52 36 6 41 80 62 1 28 34 30 50 20 79 91 37
1 7 45 78 5 61 82 13 94 99 90 80 60 55 58 1 31 33 93 13 96 69 54 64 26 89 88 66 74 64 70 64 56 92 31 47 32 35 85 60 34 25 74 74 80 44 92 100 20 75 20 34 60 69 75 55 83 24 15 13 92 9 22 75 21 88 53 97 51 5 51 23 73 45 97 79 67 35 40 43 31 89 25 47 75 48 74 21 82 25 14 24 44 69 65 95 67 82 0 54 26 45 10 42 31 60 51 11 8 64 47 54 84 77 15 57 83 99 85 20 75 100 27 28 61 87 50 55 96 60 33 16 41 77 63 84 44 62 74 58 21 10 64 61 35 82 78 43 96 79
82 28 71 25 1 4 94 80 26 67 46 19 59 0 68 57 49 40 45 47 59 17 5 1 59 40 23 62 72 41 33 49 35 63 67 92 39 61 12 44 19 86 51 77 4 22 32 79 50 25 81 16 68 97 12 16 23 29 24 63 81 74 74 64 3 46 72 27 30 98 19 30 10 89 1 4 58 71 72 36 76 70 92 52 45 14 41 33 71 74 20 100 39 48 26 5 19 98 94 34 6 48 73 33 70 94 34 9 81 42 1 48 24 78 52 75 74 60 92 52 89 39 56 80 38 56 20 99 68 76 38 16 73 55 79 61 56 37 39 8 34 23 30 66 11 22 23 15 100 77
54 67 5 20 42 23 51 20 4 71 34 99 67 82 20 54 35 28 100 10 10 40 33 35 49 74 21 15 42 35 47 35 69 71 10 20 68 47 53 86 15 29 73 94 12 75 86 17 51 63 86 66 24 86 71 78 85 0 75 48 29 95 16 30 53 67 33 86 80 88 36 53 84 12 16 14 6 64 68 77 95 5 56 5 26 45 6 42 70 25 26 80 18 4 72 24 65 41 61 91 92 28 6 57 35 94 85 45 49 3 10 16 32 34 75 50 8 35 57 20 17 48 68 86 84 99 68 54 21 8 34 46 76 67 6 41 2 2 48 61 3 38 4 48 58 71 59 65 83 43
19 76 99 47 5 36 40 22 59 47 61 33 68 75 56 87 18 82 15 60 52 38 64 30 44 52 83 37 27 98 24 64 81 47 87 59 7 36 63 19 2 67 38 81 2 48 62 47 12 95 3 63 88 64 71 41 31 60 31 62 39 0 53 17 95 28 4 90 80 19 47 41 47 28 73 1 77 98 6 17 92 21 63 47 26 52 59 26 14 15 87 21 19 1 9 93 33 44 69 39 92 94 57 75 50 28 76 36 48 39 20 72 54 96 81 29 83 31 93 97 57 26 33 26 15 69 35 85 63 89 58 75 60 34 6 86 89 29 70 33 69 25 16 48 70 39 86 3 33 13
5 67 4 72 49 51 57 60 34 59 94 17 77 61 80 37 3 2 5 85 98 99 24 55 17 18 42 41 33 19 38 37 16 60 98 57 100 21 83 91 59 35 1 21 66 2 21 15 59 84 59 94 49 26 94 99 3 52 80 99 26 3 16 53 52 31 10 98 19 85 11 71 61 51 20 22 11 8 66 21 40 67 14 58 87 7 16 67 71 45 94 33 93 69 83 86 67 76 32 39 45 18 78 13 96 30 37 49 8 67 90 22 26 52 98 51 59 71 16 62 28 9 17 49 80 26 11 43 86 35 99 54 14 53 76 53 18 87 66 35 20 37 38 27 13 1 35 75 77 28
34 34 24 16 99 90 47 10 78 71 55 4 96 4 88 15 28 99 37 8 7 1 0 0 42 72 51 80 91 64 84 19 46 25 43 34 15 97 43 56 53 89 70 49 62 5 82 45 56 49 83 12 27 14 85 4 73 98 22 100 5 59 18 3 39 60 24 50 65 87 1 37 96 22 63 12 71 45 22 40 69 67 39 89 30 34 6 36 68 38 95 42 52 87 65 2 94 11 92 82 12 3 76 55 1 14 12 77 82 16 3 14 48 44 90 53 50 43 24 95 82 61 97 67 39 38 21 48 86 68 61 73 26 87 35 81 47 40 29 32 37 30 92 59 11 37 64 21 21 72
4 73 73 47 51 64 32 44 87 69 84 73 64 21 56 1 80 28 58 24 68 44 31 71 96 57 68 34 13 73 2 91 17 91 0 60 7 72 41 77 41 52 55 21 73 40 88 46 44 59 56 59 74 95 100 71 31 33 43 28 35 44 33 48 24 45 75 65 20 56 12 67 44 55 54 22 88 34 57 100 0 21 77 33 55 39 16 2 83 29 41 46 17 23 26 85 30 65 99 32 34 85 1 84 60 20 28 11 61 62 12 51 51 45 78 89 68 59 13 56 66 7 0 57 83 6 10 77 32 63 3 30 91 97 78 63 61 86 51 51 64 54 41 86 11 47 8 93 79 29
61 30 0 1 57 100 38 4 78 53 42 31 38 19 96 16 44 10 21 61 61 56 86 99 94 40 30 21 12 61 30 28 93 60 78 36 93 93 96 59 71 19 57 12 69 90 97 28 100 37 29 58 20 32 74 13 62 33 70 86 40 67 73 66 51 90 15 28 93 2 16 5 34 38 36 47 64 70 41 36 38 2 81 69 35 30 50 14 4 51 45 100 67 68 98 35 81 62 77 93 44 56 71 86 50 63 2 22 72 41 39 14 55 57 16 24 8 60 65 57 2 23 42 44 73 59 66 54 74 0 82 7 34 1 21 41 14 84 36 50 20 27 15 87 91 87 59 45 99 1
54 24 50 44 10 71 85 96 50 88 18 45 52 8 27 15 25 85 33 75 66 62 59 34 81 33 37 39 60 3 34 46 44 20 96 20 99 81 72 75 55 54 23 33 61 10 23 22 82 56 65 87 45 7 53 52 6 93 18 44 94 90 41 10 34 76 70 36 6 54 7 99 5 55 42 24 32 0 44 24 82 29 73 98 47 17 25 18 45 80 96 22 53 25 43 66 6 88 90 99 20 4 6 12 16 91 75 38 82 6 67 90 89 72 2 4 99 48 65 40 89 3 35 96 7 12 99 94 47 96 14 41 3 89 47 92 36 18 90 28 7 60 54 83 83 25 25 0 34 65
96 0 53 17 3 16 35 0 46 37 59 91 87 25 43 67 72 1 56 36 12 26 43 3 29 80 23 22 68 23 29 50 20 77 58 41 13 94 90 19 83 69 13 8 27 15 20 82 48 41 60 97 41 3 99 15 49 87 0 67 55 81 53 43 58 34 10 41 34 51 23 39 29 87 71 81 56 13 60 73 66 32 56 86 25 89 23 69 0 72 63 100 54 72 39 42 54 24 94 86 94 8 50 91 67 40 96 34 62 84 56 61 22 74 24 38 23 10 87 24 29 43 55 84 40 72 36 13 46 60 96 18 94 71 5 3 100 49 52 4 33 84 45 97 99 10 64 49 69 57
45 16 72 12 77 52 45 83 56 16 88 46 83 28 68 59 74 44 83 52 12 68 12 41 1 17 89 39 76 57 53 24 58 9 94 38 3 67 48 61 81 83 49 29 8 69 65 71 18 3 16 30 29 62 12 44 79 78 56 3 45 86 66 40 65 7 100 10 32 15 22 6 28 96 28 83 91 60 75 27 99 7 0 12 100 58 53 15 9 28 80 68 31 48 45 95 51 58 16 26 96 40 26 40 64 63 80 0 74 58 61 68 79 93 51 26 18 15 96 86 38 75 70 9 9 49 53 57 4 11 90 89 11 86 35 59 86 55 68 98 49 23 92 48 41 76 12 86 30 94
69 23 96 78 4 95 78 17 11 8 17 4 84 1 70 42 69 76 22 39 53 0 73 56 41 58 56 7 59 26 2 67 14 26 89 8 92 100 29 16 84 14 100 45 77 28 34 47 94 68 89 49 52 37 28 52 94 78 70 56 8 70 89 0 77 33 55 86 100 27 79 15 78 98 50 99 14 70 22 64 57 44 37 55 4 20 86 5 15 46 25 52 64 70 34 66 50 50 17 63 66 83 43 49 76 82 34 48 32 64 2 12 76 15 74 48 96 46 49 46 83 46 48 50 5 9 11 98 93 70 14 24 83 4 16 73 19 52 33 42 42 29 70 100 14 56 14 76 14 79
57 87 46 51 17 70 82 63 81 57 10 43 19 34 45 43 54 37 62 94 89 37 93 54 88 52 48 96 92 95 26 38 85 70 11 63 44 88 36 29 95 66 18 39 85 15 22 63 17 15 33 75 72 29 3 12 63 69 8 79 72 86 80 5 62 27 1 86 15 83 89 76 97 23 91 15 44 50 21 58 37 88 66 87 73 10 24 87 15 82 99 34 31 92 35 78 28 23 9 19 25 100 59 17 7 73 58 6 65 6 54 11 62 43 38 7 95 43 71 62 52 6 29 92 55 67 15 94 99 76 94 54 63 20 42 63 47 41 64 98 29 29 52 10 97 47 46 16 29 85
100 80 68 67 47 30 93 82 59 94 20 63 58 44 0 12 59 86 19 34 71 85 3 53 15 23 43 14 42 55 14 4 80 97 70 17 32 17 51 93 71 4 66 52 87 32 19 58 28 71 7 37 93 52 63 30 72 13 13 47 23 33 71 61 95 46 84 96 5 96 70 80 53 66 21 65 7 100 43 20 11 92 59 0 83 12 56 84 80 20 97 41 5 59 7 97 58 64 97 73 20 5 4 16 65 8 54 100 77 39 97 45 24 16 40 42 38 84 33 89 2 0 37 47 49 76 84 36 7 10 88 51 60 61 37 19 14 13 42 45 6 50 23 49 64 52 21 60 6 48
33 10 78 26 14 49 86 61 58 99 80 45 2 58 37 91 26 52 41 30 15 4 39 2 19 58 52 2 95 99 70 87 80 5 31 61 62 8 61 96 87 23 80 74 51 98 90 49 71 95 77 12 62 81 81 21 82 23 10 37 38 53 93 85 28 75 25 56 62 96 67 80 41 71 82 70 64 18 23 25 83 55 9 19 96 77 38 43 23 1 43 89 67 84 85 23 33 21 69 100 76 88 38 83 65 70 2 26 76 94 50 30 82 67 53 26 48 0 65 18 42 15 1 98 75 72 98 90 92 35 76 88 53 70 88 84 33 73 11 84 86 26 27 77 45 98 35 10 63 37
12 55 38 98 15 85 14 96 9 60 39 12 9 14 75 17 77 93 27 82 64 66 80 2 73 52 27 9 0 94 45 85 27 40 50 26 19 96 30 94 88 92 76 13 18 70 93 35 38 57 62 26 60 68 20 4 47 38 15 67 34 28 25 50 1 71 56 83 16 95 32 80 94 19 84 55 15 53 20 29 89 13 66 41 53 63 1 45 11 6 19 47 84 96 96 97 14 23 37 79 36 16 36 28 80 81 72 12 87 48 52 92 17 28 70 58 2 51 59 72 0 15 78 56 56 71 92 58 74 93 41 34 84 88 37 67 85 45 32 63 92 11 60 65 57 58 86 58 43 26
9 2 30 58 48 50 94 93 92 67 32 0 38 67 21 28 62 7 50 86 54 0 14 29 64 97 50 19 77 22 45 87 87 76 8 69 7 60 15 19 91 96 78 26 61 2 1 16 41 40 33 11 31 47 82 12 75 46 47 5 20 99 24 4 56 58 3 75 71 40 49 40 58 29 37 76 17 31 76 17 52 60 44 92 60 83 23 33 11 97 11 81 62 56 99 6 40 11 25 0 76 92 25 86 70 35 99 97 82 74 53 4 36 14 71 76 1 82 85 62 13 32 48 10 58 85 62 66 47 1 88 87 11 47 75 2 64 21 50 32 32 28 81 5 24 54 76 53 43 87
31 16 33 24 72 39 52 55 2 36 21 78 17 68 38 77 44 43 7 3 66 96 6 2 67 32 66 69 28 85 7 8 22 39 2 62 89 61 81 10 71 48 48 88 14 35 36 85 43 13 16 42 28 73 9 77 57 78 65 94 85 37 81 13 74 74 87 96 97 90 81 53 81 88 31 35 61 99 81 86 32 34 38 67 95 4 65 92 91 64 30 12 54 72 20 67 8 76 42 87 9 12 34 11 60 7 26 75 35 52 9 8 5 54 29 19 93 10 27 20 87 33 70 83 91 4 85 70 82 12 62 72 67 57 94 15 67 76 38 12 10 50 79 64 96 19 71 19 66 9
28 14 96 21 15 59 18 90 3 13 82 5 61 19 7 71 62 15 21 31 80 20 60 51 49 11 56 47 4 18 44 98 54 22 18 4 63 22 65 35 57 63 71 1 30 42 19 38 38 68 37 13 82 91 55 91 57 18 11 81 24 36 25 90 11 69 30 66 58 47 61 15 5 0 62 47 20 19 43 50 70 99 80 43 24 69 39 87 84 67 19 85 38 37 10 21 27 25 39 83 13 95 74 1 80 83 31 75 57 40 60 65 53 23 86 43 60 85 79 27 62 24 10 24 80 23 60 1 62 17 0 0 63 87 77 41 37 32 67 47 77 85 65 45 59 45 28 75 37 94
70 38 2 90 95 31 34 93 33 37 53 34 73 66 0 1 31 48 98 34 38 26 72 43 24 12 60 9 65 24 12 79 62 33 56 85 6 21 86 38 89 47 17 18 23 14 73 49 81 17 62 30 35 56 32 48 8 87 28 87 14 55 23 48 53 71 21 72 19 87 9 100 4 71 20 48 2 44 54 50 61 50 99 37 50 10 91 87 99 50 3 7 56 100 77 90 89 7 11 24 51 15 50 60 50 86 93 98 76 0 4 45 88 95 17 4 51 7 64 11 5 28 15 15 64 87 7 41 61 89 29 51 43 74 34 67 91 89 89 85 44 62 46 100 95 49 17 50 58 68
47 81 90 37 38 18 73 94 28 26 60 1 37 54 42 86 35 17 25 97 32 10 43 76 46 0 63 64 30 47 89 20 76 14 94 4 4 42 73 62 4 24 20 52 72 35 89 99 72 89 33 38 5 41 86 63 81 79 78 65 41 63 79 54 49 87 85 75 21 14 76 66 35 60 77 60 65 7 73 13 61 49 9 52 75 17 4 21 90 19 5 2 41 43 40 72 30 95 63 34 18 45 89 10 38 77 85 90 67 55 31 48 22 33 47 73 68 91 40 50 60 46 33 5 32 44 57 2 6 13 61 19 65 15 59 82 15 2 77 79 82 54 35 91 54 8 9 97 94 7
98 93 70 38 85 85 8 27 10 64 26 42 48 96 23 100 78 8 58 51 83 66 1 1 80 47 70 45 51 24 39 34 52 73 5 44 20 57 17 0 22 12 100 76 57 53 52 46 21 95 69 38 13 25 75 89 65 21 38 11 17 83 7 82 21 84 49 42 69 94 97 24 32 95 67 53 56 69 24 28 35 47 69 91 67 7 9 72 72 54 37 61 91 53 25 97 71 65 99 13 25 27 6 73 62 13 60 50 3 99 80 36 42 8 25 82 88 96 15 55 82 58 92 48 31 96 25 15 34 25 7 46 74 13 24 65 30 4 68 24 30 30 86 67 88 17 96 72 72 80
77 94 85 77 49 45 35 27 54 33 91 33 84 75 37 75 72 15 4 40 44 19 64 57 69 7 61 18 0 29 83 60 100 70 86 84 21 93 7 95 68 48 98 42 15 89 8 81 87 99 29 33 89 43 34 31 37 16 85 56 39 64 82 99 83 60 88 93 55 68 82 73 49 56 94 60 49 65 52 100 21 87 19 47 52 77 82 81 50 18 73 65 28 64 10 68 6 54 33 80 25 61 86 12 42 48 21 15 1 39 85 83 9 66 81 57 36 13 16 82 84 13 11 20 19 74 89 85 34 22 93 40 87 59 27 25 95 89 24 24 43 97 29 59 39 49 80 92 50 4
87 25 19 10 75 82 32 36 0 9 14 73 65 11 34 71 52 75 84 26 17 5 72 43 57 93 87 17 6 2 95 51 69 2 56 45 79 8 62 62 45 33 2 66 45 38 87 18 0 54 72 81 21 48 51 1 48 85 40 31 2 45 29 97 60 67 12 36 96 27 76 52 32 100 91 4 19 6 65 40 44 68 4 90 36 27 61 85 57 95 86 19 93 22 52 86 40 32 73 56 92 95 53 26 87 93 49 23 79 39 36 59 68 81 63 39 35 58 36 80 89 28 29 58 73 26 91 79 0 97 9 36 72 14 25 98 60 21 55 6 52 44 55 77 56 33 93 21 67 54
95 10 25 92 55 74 30 6 36 22 82 65 18 47 57 14 39 2 5 65 82 28 40 92 66 8 28 38 70 48 25 85 42 6 64 10 23 81 40 14 3 80 58 45 4 81 30 23 86 64 74 84 27 41 14 47 24 10 22 90 47 17 37 15 74 88 43 33 97 10 4 76 39 2 10 48 95 5 77 33 11 32 61 40 43 16 28 29 80 77 29 46 89 22 80 15 82 90 26 98 87 94 29 27 49 84 61 96 22 31 57 49 22 25 67 4 25 79 50 75 77 65 70 6 98 19 48 34 5 3 51 94 30 76 39 40 89 65 45 43 14 52 93 31 54 11 46 34 48 84
26 34 45 9 56 88 34 98 5 39 25 100 50 23 9 91 39 88 85 16 55 86 25 49 74 28 6 19 54 62 74 23 99 17 69 80 24 55 57 90 90 54 2 33 62 32 12 26 6 72 91 81 70 96 83 23 14 59 91 79 53 58 86 95 75 59 11 34 55 63 53 85 50 68 73 48 56 100 23 8 54 58 15 45 57 65 44 71 8 88 68 73 73 96 65 10 26 94 54 14 41 62 81 19 79 74 63 100 27 31 51 89 74 77 92 86 93 91 4 7 79 56 54 8 97 57 14 49 88 39 81 65 12 42 65 88 56 67 1 12 90 75 39 59 31 7 69 54 15 45
86 22 15 43 2 27 88 11 89 99 35 43 98 27 15 29 47 65 64 56 10 44 7 87 32 12 85 98 52 81 90 35 28 49 48 14 53 52 48 21 17 95 88 88 4 88 41 5 44 19 13 78 81 4 30 66 78 76 3 31 27 80 78 24 43 33 49 47 49 65 30 33 67 62 76 67 73 27 87 77 53 96 85 30 98 21 22 78 83 30 13 19 69 94 21 88 41 27 0 16 78 94 94 46 34 84 94 29 79 27 3 24 26 78 21 9 77 81 57 77 73 1 5 90 9 69 15 91 57 41 68 16 40 57 60 43 95 1 3 1 19 2 0 3 40 0 99 29 72 43
19 56 43 52 30 96 75 46 7 93 93 42 90 99 50 32 3 73 8 56 53 10 9 66 55 78 65 8 90 10 77 79 23 11 58 64 64 54 85 67 54 40 3 73 35 79 73 23 77 72 61 89 20 34 32 20 47 59 45 28 93 72 41 45 85 94 54 87 100 28 50 98 10 39 53 58 36 36 21 73 25 90 5 19 37 29 24 38 44 91 39 56 7 85 1 81 56 30 89 17 87 86 34 91 44 75 66 59 92 42 16 56 86 81 73 72 61 25 18 42 5 31 36 34 3 80 61 19 78 99 95 84 4 84 52 60 99 57 9 66 61 97 16 71 7 23 20 60 46 97
90 28 44 38 34 75 33 41 55 35 84 75 30 52 61 59 76 6 10 2 21 68 89 51 67 49 51 84 60 35 57 4 69 42 26 37 100 40 56 15 61 92 54 57 25 47 96 42 14 73 71 36 31 81 11 80 6 76 74 60 82 67 22 17 4 86 85 18 51 50 34 5 8 100 57 73 55 81 87 23 76 80 31 34 20 12 25 93 12 68 86 34 51 43 28 2 78 20 7 5 6 37 53 83 50 71 5 45 12 91 54 65 65 18 81 39 29 48 84 38 65 80 63 38 94 79 11 77 63 19 74 84 78 14 90 77 4 73 81 68 32 49 83 1 15 19 29 44 74 97
93 56 21 97 54 10 57 80 3 51 85 52 83 50 2 46 99 24 90 32 55 73 74 40 92 88 91 1 47 42 6 53 68 7 86 83 71 43 42 50 61 58 92 98 0 87 85 56 69 84 60 28 94 89 76 97 27 48 86 1 53 64 34 74 27 80 20 87 61 49 69 82 65 33 5 45 6 24 72 10 66 58 70 1 62 44 44 73 69 42 24 27 96 8 99 37 73 76 59 79 73 42 53 53 36 58 72 46 63 7 3 73 10 66 38 58 44 57 66 67 64 33 78 15 98 100 57 36 5 74 45 83 78 56 85 6 13 51 12 62 28 25 76 36 14 65 95 64 10 12
57 31 94 95 70 44 74 2 80 61 27 21 1 49 18 26 54 2 27 25 72 54 55 75 7 84 42 97 2 83 47 44 32 12 61 28 79 68 65 22 21 35 0 36 6 71 59 28 69 59 79 75 33 89 93 71 26 50 20 60 48 21 86 9 28 18 33 37 85 76 53 2 95 53 46 38 17 60 21 21 20 65 99 93 85 88 9 80 16 45 91 0 16 67 98 93 93 43 58 42 72 3 64 30 49 60 25 68 30 67 10 12 42 78 65 96 55 99 71 82 96 56 19 95 44 77 36 40 11 53 88 64 2 80 56 70 25 86 94 99 32 85 100 99 39 39 24 47 55 57
86 34 91 42 78 16 70 74 92 15 60 63 8 83 71 94 37 100 18 98 65 26 8 45 26 20 75 60 60 18 97 6 54 49 0 13 48 84 83 37 60 56 100 25 60 0 44 46 28 48 24 67 81 74 98 42 68 15 47 59 20 0 96 32 92 56 79 18 57 22 82 18 77 74 27 59 62 97 96 38 96 73 61 70 41 16 18 69 11 53 20 56 89 65 94 26 63 27 81 89 0 74 96 97 30 22 41 76 88 22 46 13 83 3 78 41 92 22 9 63 18 30 50 74 92 82 47 20 66 21 38 56 45 54 45 18 15 15 66 61 16 6 65 76 47 51 26 55 33 60
35 30 81 54 38 34 34 61 61 80 2 91 9 58 1 82 57 72 56 44 97 57 94 8 19 14 49 15 3 91 35 44 48 62 14 43 19 91 77 47 50 17 23 32 4 12 33 23 87 93 31 86 12 25 44 78 76 85 43 71 52 17 32 45 89 54 53 65 15 25 45 66 96 16 92 34 56 79 95 16 56 94 17 9 29 44 2 84 49 13 60 39 21 64 47 82 22 61 14 41 32 84 8 26 44 57 89 4 84 29 94 52 3 87 87 41 2 45 12 71 56 85 53 43 36 33 11 94 69 43 15 55 11 46 86 28 47 22 44 63 39 19 26 13 92 36 21 97 60 41
9 84 24 27 8 94 51 60 77 15 38 26 19 99 61 58 7 0 59 5 45 2 33 25 41 56 87 11 84 99 36 45 65 3 57 23 48 4 39 49 59 58 12 45 91 20 39 77 34 94 21 89 95 57 64 99 45 87 26 47 30 74 84 58 41 18 86 11 7 9 50 98 81 82 53 32 3 96 84 93 88 76 74 9 45 89 32 62 92 20 76 92 79 25 38 53 93 61 56 9 78 51 21 38 8 75 16 71 82 94 5 44 40 86 41 20 99 98 11 13 7 13 60 80 16 57 34 95 30 1 18 51 95 8 85 2 71 85 73 79 30 12 67 21 6 100 6 74 68 70
39 89 69 18 41 100 94 73 67 31 96 47 11 0 65 21 89 12 52 95 88 32 69 56 73 26 12 33 38 62 8 40 37 64 62 37 15 51 93 92 42 83 92 85 95 58 20 37 41 49 0 56 76 92 13 76 18 36 0 95 54 61 89 7 29 93 35 87 57 77 40 60 71 51 99 80 59 62 74 68 29 73 12 41 0 39 26 12 71 41 45 4 51 42 55 42 25 15 95 10 33 61 76 62 11 36 98 57 95 95 1 52 24 68 50 72 67 21 32 14 55 53 32 40 31 90 85 28 45 62 8 21 43 87 78 91 87 58 92 60 10 67 69 8 78 92 100 88 58 25
55 36 69 9 42 44 45 46 40 53 74 89 85 58 69 12 99 85 58 95 51 34 13 68 85 92 60 77 3 71 28 58 55 85 41 88 78 85 44 57 89 2 62 9 94 90 2 11 13 27 41 58 0 16 50 58 30 42 7 77 92 99 15 2 83 7 30 80 27 87 54 34 77 62 56 16 61 5 56 67 63 93 19 91 23 93 4 93 1 43 70 42 31 70 45 55 58 71 90 23 36 94 58 21 1 20 5 60 99 89 70 89 31 24 77 94 56 72 45 81 77 90 0 47 54 63 41 88 32 63 52 33 56 87 46 70 57 35 89 37 89 9 82 91 38 10 80 58 18 73
17 26 24 100 17 65 20 24 53 45 89 54 44 81 48 13 0 45 16 49 75 16 38 38 8 16 85 54 87 94 37 20 68 96 88 76 31 31 40 5 47 31 59 72 40 73 71 33 59 27 19 52 61 8 2 17 52 88 29 50 95 89 62 42 58 57 46 98 43 37 66 59 9 93 18 0 14 62 84 84 44 36 26 71 59 76 91 59 98 77 90 68 1 64 49 74 100 36 62 76 90 49 69 32 88 48 65 80 40 99 10 20 0 7 96 99 2 4 65 57 26 84 46 60 64 43 63 69 83 8 75 96 95 71 14 2 86 80 26 73 50 5 21 34 67 94 80 61 55 4
54 36 0 78 49 9 3 89 33 83 71 4 40 90 26 6 15 27 24 74 41 62 34 80 5 71 17 88 2 73 94 29 83 96 16 69 98 21 29 92 9 22 13 5 100 30 35 55 7 19 84 94 19 97 22 75 22 3 27 77 40 56 15 8 82 36 5 74 91 85 83 36 87 45 85 74 21 98 95 2 14 73 54 69 34 55 68 72 68 26 60 78 89 35 52 76 79 95 33 71 56 6 77 97 69 85 44 69 0 74 60 99 83 80 7 35 53 45 40 33 30 29 29 61 85 33 53 54 69 62 65 39 31 66 31 11 71 12 62 73 70 1 92 63 34 85 80 18 87 1
87 91 91 61 70 8 86 72 8 32 12 37 55 62 65 61 77 56 21 16 12 43 50 14 61 8 36 21 96 11 75 30 18 71 52 55 71 75 70 5 72 25 13 83 24 97 81 93 1 6 36 33 65 18 41 27 83 66 0 97 11 4 53 62 83 18 91 37 19 88 3 68 26 95 88 29 74 92 54 26 18 0 75 38 96 57 74 98 53 31 84 1 81 71 29 22 86 51 25 33 98 42 23 95 73 61 58 75 70 73 27 54 28 58 44 41 95 7 50 22 40 99 11 47 99 24 74 2 68 56 66 82 93 16 42 68 99 33 99 85 8 3 32 50 57 9 70 73 35 97
73 36 79 10 29 59 19 72 72 68 48 38 27 100 13 15 51 65 89 27 55 58 3 74 31 63 27 77 62 71 12 93 45 7 92 5 50 34 48 64 100 64 11 83 21 26 42 50 8 83 95 65 28 71 62 32 91 84 3 9 1 42 22 47 3 0 77 94 15 55 3 97 58 4 79 27 50 24 82 85 37 4 53 14 49 92 24 1 39 73 20 9 92 65 50 16 35 73 100 34 12 5 61 75 76 71 53 96 68 17 6 6 92 28 63 8 49 63 91 63 37 40 5 81 11 94 38 54 16 18 11 78 42 70 19 75 27 20 84 7 29 52 76 72 66 34 53 12 14 43
2 48 16 13 45 6 64 35 49 54 56 4 7 6 83 84 72 40 15 30 3 42 78 92 15 73 25 100 27 55 45 75 82 26 32 47 66 69 97 73 52 46 96 86 31 91 57 80 6 42 41 40 52 56 3 21 11 5 93 59 17 65 63 96 8 39 98 82 79 82 33 47 26 87 48 30 63 59 70 77 10 38 14 61 52 97 5 51 21 60 49 20 41 7 6 37 86 39 68 9 87 84 57 87 3 75 59 64 39 14 26 14 66 19 36 51 95 32 33 3 30 84 37 27 6 84 37 84 22 26 1 79 17 8 6 80 61 94 62 82 57 23 61 63 74 66 10 98 96 58
21 42 51 43 95 91 36 30 25 97 8 78 23 67 86 97 61 23 88 67 22 9 15 58 11 51 33 95 0 47 29 8 44 1 6 62 22 10 53 21 16 89 44 58 24 23 43 78 72 70 93 16 40 18 72 87 80 57 7 92 89 61 22 97 48 38 100 66 75 48 37 74 54 55 25 5 39 31 61 40 13 37 68 21 23 59 27 45 84 92 40 41 18 89 15 94 1 35 17 53 79 47 53 54 58 84 100 67 52 74 2 16 98 81 85 65 76 56 39 55 14 11 71 29 25 87 68 33 23 91 46 77 71 85 38 73 27 83 96 0 80 47 38 63 80 88 48 34 0 96
12 92 11 11 76 51 84 6 3 84 42 64 57 50 58 49 88 60 45 80 52 55 19 62 1 16 5 71 59 99 45 47 55 1 9 31 43 80 97 0 46 48 47 93 55 30 7 87 38 81 83 43 76 68 63 6 44 18 67 79 91 65 0 47 85 81 4 40 10 94 75 72 35 6 14 89 69 64 59 16 3 19 89 12 90 64 53 90 14 34 40 6 10 14 10 24 61 93 2 34 82 25 81 64 97 75 63 2 56 5 5 52 29 24 26 43 32 74 34 64 75 93 70 64 56 46 3 49 89 68 31 93 99 4 96 3 18 23 15 13 4 31 85 15 70 20 20 43 48 93
17 69 88 8 86 34 38 85 71 47 3 39 64 28 64 28 60 52 5 62 5 91 97 94 32 26 36 38 64 45 90 97 68 96 47 22 48 11 98 88 1 49 28 58 65 60 72 20 58 74 53 9 34 54 54 61 74 5 85 23 64 73 18 34 98 51 22 24 37 63 98 96 93 7 40 86 27 48 37 99 15 95 9 14 38 37 53 100 43 62 61 50 82 72 88 96 11 25 99 78 90 38 57 2 74 88 41 41 14 86 84 7 99 85 24 61 94 70 89 11 5 22 98 13 23 29 36 0 51 74 37 87 57 93 81 2 41 2 32 51 76 48 100 22 50 32 6 22 47 75
49 49 25 97 31 94 65 33 45 18 100 26 59 20 6 95 43 5 17 36 84 16 54 46 23 21 89 37 5 33 97 78 53 20 82 89 74 42 10 43 65 73 60 56 96 18 64 95 58 23 56 97 18 18 71 20 91 3 16 57 41 32 30 79 49 75 10 82 28 60 35 88 84 25 48 22 41 37 92 94 85 68 19 87 45 33 68 61 39 33 100 89 30 37 80 95 57 36 30 87 25 26 1 65 6 89 89 0 66 21 84 61 94 17 38 37 63 17 6 11 56 60 74 10 37 69 83 14 24 23 25 36 87 100 34 32 41 69 46 25 46 33 56 93 80 38 87 52 68 61
36 98 33 23 19 75 20 96 94 52 27 24 0 11 48 99 91 65 32 94 51 81 91 43 92 65 67 38 32 67 7 73 2 61 81 1 22 49 3 80 100 14 88 20 33 89 61 22 38 38 34 30 35 98 77 74 66 3 68 72 83 70 24 60 12 100 66 23 22 39 89 62 68 13 53 71 38 89 95 25 32 37 75 20 20 76 36 4 67 55 73 89 85 98 93 44 61 91 30 22 87 86 89 32 60 5 2 19 94 5 46 61 12 11 52 59 58 93 6 27 15 20 89 80 76 77 40 71 92 64 33 79 59 54 23 81 28 69 54 66 28 15 24 36 63 76 49 24 17 1
48 76 50 35 86 20 96 22 41 7 91 16 11 2 62 0 42 2 6 25 1 9 97 78 73 80 72 0 10 91 46 56 51 87 15 82 13 39 80 41 9 3 39 15 86 52 69 19 99 84 19 3 94 78 41 15 27 70 52 9 83 12 81 17 93 22 16 59 4 91 34 18 63 44 7 26 31 46 77 55 28 7 64 72 94 80 9 18 34 43 85 61 78 1 85 43 59 62 96 93 54 30 77 2 81 15 90 88 39 90 74 50 50 29 45 48 53 94 74 56 63 72 0 73 100 49 40 29 24 62 39 87 72 99 80 34 62 53 28 69 65 14 96 65 87 33 81 68 89 48
14 91 37 57 15 17 94 35 59 21 5 37 44 52 98 61 17 71 58 66 57 68 31 26 56 100 66 73 26 99 48 96 78 6 70 86 30 26 80 39 90 89 17 23 57 85 23 12 97 34 14 66 28 30 37 18 30 59 67 13 18 70 36 22 86 54 56 84 24 37 54 74 23 34 11 9 86 35 66 68 1 62 18 39 64 46 95 51 3 99 59 85 96 12 99 28 79 95 2 39 73 27 87 33 21 83 35 70 65 18 14 74 52 15 0 44 96 50 52 58 6 55 67 22 7 32 99 70 27 35 32 0 87 12 10 62 84 22 19 4 28 100 34 9 61 33 30 63 27 42
4 30 57 9 99 54 2 6 6 52 66 87 97 38 65 24 62 90 39 93 76 13 21 40 51 64 70 43 33 56 95 49 38 37 39 89 89 60 5 5 69 62 66 10 74 37 2 71 53 77 65 91 22 37 65 0 61 54 28 25 80 15 61 22 96 44 92 43 61 4 9 92 25 38 44 74 51 84 23 69 64 8 17 65 37 28 57 56 28 40 46 49 4 47 1 100 94 24 87 38 17 55 9 90 25 28 81 52 81 46 36 19 31 27 48 49 15 100 59 49 43 23 43 92 68 39 9 79 52 80 17 16 40 74 86 26 14 31 40 36 35 31 95 12 8 16 85 87 76 65
99 92 51 30 8 33 53 43 17 3 21 17 69 46 29 35 15 31 29 46 45 65 28 33 52 4 16 72 67 95 57 56 12 37 50 75 99 71 65 42 40 48 29 26 9 49 12 46 34 17 58 90 1 91 62 13 37 86 77 31 14 85 32 79 95 75 69 60 83 0 78 41 80 2 20 49 50 15 36 71 62 49 16 54 16 44 5 61 94 43 94 40 16 32 61 26 53 76 9 0 95 48 54 72 62 95 29 87 76 94 41 67 95 65 61 50 18 53 90 96 96 42 3 14 81 19 42 31 69 21 89 21 91 90 95 95 98 13 1 37 53 3 63 35 18 9 86 69 54 8
12 10 34 86 22 85 68 63 19 86 90 99 64 45 11 25 2 48 19 42 76 15 46 23 40 51 99 31 29 13 87 87 96 54 46 57 21 98 42 9 6 95 95 53 90 1 32 95 75 58 82 87 90 46 53 28 95 35 83 95 31 8 35 90 83 41 91 35 32 44 26 100 44 23 55 33 19 14 19 1 79 34 23 50 67 79 84 73 12 90 40 95 31 9 34 17 35 29 2 65 90 93 58 80 74 61 67 96 45 6 51 15 15 14 20 39 69 24 37 1 51 97 35 97 34 94 15 57 70 60 21 4 2 66 66 100 27 68 30 85 47 74 41 56 66 49 46 32 62 82
56 90 69 41 32 44 64 46 85 20 46 54 77 76 78 89 51 40 93 21 45 63 87 56 50 70 70 95 0 5 51 11 47 34 14 56 35 57 43 10 77 22 31 0 56 16 76 83 96 44 48 4 76 33 16 64 28 23 75 40 61 43 4 0 74 93 17 87 62 70 3 71 9 69 78 55 36 47 97 70 23 76 76 79 26 48 27 87 53 47 31 17 2 78 31 35 38 80 5 94 39 14 79 4 55 58 46 42 39 22 54 56 86 11 31 16 21 31 35 62 49 38 69 23 78 78 69 45 4 8 47 92 65 28 20 34 89 45 14 72 2 3 96 94 43 63 11 35 54 75
95 61 71 83 32 38 95 32 48 15 8 66 32 10 74 95 88 5 5 44 33 13 6 97 36 15 73 46 7 75 51 68 92 58 69 12 83 93 78 60 17 61 29 11 13 55 1 41 43 99 39 21 20 5 4 27 82 32 47 66 16 20 77 82 48 86 94 82 9 28 7 44 3 42 99 17 76 79 92 61 80 36 0 45 86 73 11 1 31 81 100 9 68 70 99 20 14 62 19 11 48 11 96 98 66 5 65 5 53 51 48 40 12 64 5 88 63 25 75 60 28 41 98 51 98 53 27 1 70 76 7 64 36 27 35 19 32 1 49 43 99 61 99 48 52 55 3 82 37 6
31 93 45 46 78 38 57 69 76 5 95 55 0 55 92 37 38 96 8 29 49 96 94 73 75 99 32 6 7 50 84 54 58 65 53 1 30 27 16 65 62 5 13 52 80 3 3 4 40 4 41 74 7 78 99 6 23 50 41 16 23 0 28 54 89 44 7 35 97 48 0 88 4 86 37 15 63 7 64 3 59 50 15 64 13 52 28 65 77 57 12 19 97 95 66 47 14 57 65 62 74 26 20 40 86 81 91 20 44 14 37 78 7 62 56 84 73 55 19 25 18 7 79 4 33 56 26 92 39 98 19 93 56 98 91 46 41 31 68 16 56 67 50 68 76 32 58 80 52 32
92 87 84 86 47 66 61 60 60 90 92 61 17 47 26 98 26 61 19 55 38 25 98 91 3 90 76 4 85 66 37 88 87 96 28 14 63 16 0 62 57 63 9 1 27 95 70 16 55 77 10 15 87 87 64 34 17 55 73 38 23 58 7 26 60 14 43 13 29 87 66 79 93 99 10 24 1 53 28 72 34 96 48 78 8 54 31 97 53 63 99 57 2 44 81 96 64 98 69 34 25 64 46 56 38 51 95 67 78 36 75 22 7 12 62 12 1 39 69 69 48 80 51 95 99 87 95 28 82 95 32 80 25 36 40 100 40 61 36 42 51 24 23 2 94 14 56 81 45 34
66 24 62 44 20 78 48 97 63 95 42 11 93 91 5 84 1 64 8 79 62 88 18 17 92 31 13 83 21 55 79 41 11 4 50 58 2 73 74 51 92 94 18 3 9 60 24 77 11 9 87 25 51 24 78 89 15 67 38 66 83 39 59 97 87 96 50 38 25 29 89 6 72 53 15 70 97 66 61 19 19 49 4 32 34 99 1 21 13 14 67 41 72 94 46 5 91 51 1 67 25 1 94 95 66 35 14 60 79 73 52 30 25 72 9 90 44 63 27 94 24 39 73 85 20 58 42 7 71 48 69 19 32 97 88 30 29 48 12 11 92 42 44 27 43 54 20 27 15 74
37 84 98 89 90 56 57 20 97 85 6 86 66 62 82 38 31 56 71 44 69 10 20 56 82 20 64 4 10 0 43 86 44 12 68 95 6 79 62 6 38 57 85 8 80 62 38 59 10 83 63 8 31 32 95 23 67 6 78 41 35 88 50 47 76 87 74 94 53 51 94 95 50 23 87 30 76 66 3 91 10 91 29 2 23 84 63 15 65 76 9 11 50 68 15 48 30 73 21 100 96 100 9 45 98 38 71 37 25 57 77 74 12 2 85 84 29 72 65 30 96 48 1 41 38 21 79 41 53 24 66 81 30 35 83 66 94 22 35 37 9 99 5 24 13 58 80 45 4 4
58 79 70 74 30 70 89 87 34 89 61 81 98 86 93 83 75 92 56 27 5 73 64 81 74 58 42 51 25 46 10 18 8 93 57 57 54 13 68 38 60 91 99 18 74 86 20 49 40 96 97 26 1 52 90 65 41 78 94 77 60 41 12 7 91 87 51 72 18 2 40 39 82 1 48 5 42 40 33 52 3 86 12 90 23 26 46 3 77 37 38 97 44 96 35 85 56 39 14 36 86 41 18 19 50 19 75 50 15 30 58 44 89 30 46 68 56 72 76 15 40 36 29 33 80 44 2 38 37 100 45 45 81 85 49 59 2 89 49 16 85 24 30 27 77 56 82 9 6 20
44 65 95 41 39 83 79 81 27 46 82 21 70 89 80 52 100 76 81 87 43 83 7 83 52 36 49 89 47 60 65 46 32 93 96 19 0 35 0 88 44 73 36 5 65 41 36 67 36 40 16 12 11 0 32 84 21 68 60 12 61 26 10 79 91 84 85 19 58 41 17 18 42 34 17 65 31 65 37 16 4 14 18 20 89 32 41 28 6 16 9 94 2 3 45 68 30 83 28 19 15 28 84 82 99 13 37 60 72 88 21 38 27 34 3 47 31 15 27 7 0 77 79 56 92 22 8 53 53 93 34 66 34 37 17 79 93 13 19 33 89 26 99 42 73 58 21 80 28 67
19 84 40 90 78 34 19 27 50 86 79 87 49 97 71 64 81 97 24 42 92 11 33 60 40 96 37 25 6 91 1 78 54 85 20 4 9 48 83 49 33 16 27 93 33 2 6 47 14 28 47 34 87 88 36 72 39 7 20 65 40 77 64 4 36 96 18 11 18 27 49 81 98 24 17 47 17 14 23 34 55 94 0 71 94 52 66 54 60 44 61 94 97 68 59 54 12 77 50 90 84 67 84 2 31 34 63 99 97 68 96 76 14 52 7 99 68 58 25 29 77 16 29 54 90 16 92 51 9 68 78 93 3 6 9 58 28 18 56 67 61 66 95 49 86 34 13 99 20 42
10 41 35 90 0 3 7 32 24 96 68 77 1 70 91 96 15 30 73 53 72 76 26 6 67 51 6 82 75 44 96 97 80 44 43 90 87 57 92 22 29 10 95 77 65 95 87 41 34 77 29 55 55 6 32 13 73 75 46 28 12 89 54 79 90 48 54 59 4 82 73 51 81 42 63 12 89 95 35 58 93 33 76 10 26 21 81 98 5 81 53 21 92 54 14 48 46 77 6 31 70 42 40 28 48 9 15 23 60 1 84 45 64 88 14 83 61 27 64 72 32 77 69 8 52 33 21 68 90 4 62 23 23 35 70 56 66 8 68 71 64 26 66 22 37 43 2 53 93 24
78 34 100 13 33 13 45 68 46 25 5 94 59 90 45 6 94 33 38 17 85 2 31 21 48 31 30 65 69 75 84 22 45 65 53 62 35 88 57 66 65 81 10 60 69 89 68 43 14 23 93 54 13 85 48 14 64 35 1 28 61 70 58 82 23 2 45 13 46 32 92 90 89 25 65 58 46 38 3 53 80 62 43 29 82 35 85 97 82 69 20 31 45 84 12 32 24 12 16 93 1 72 2 2 18 35 57 74 97 44 64 60 58 64 77 11 62 38 24 67 74 63 17 1 41 71 58 59 13 71 64 44 56 54 92 9 1 67 31 46 0 21 41 63 2 28 87 49 60 66
20 76 35 0 22 5 14 83 21 28 72 73 31 13 21 100 14 84 25 38 15 29 57 22 16 62 70 7 6 26 98 52 49 93 25 43 100 69 9 17 32 42 16 79 92 94 96 8 42 42 9 24 61 12 32 21 11 50 83 9 16 41 83 54 37 87 91 6 89 33 93 72 55 36 37 39 23 37 50 65 26 71 48 28 85 64 81 18 11 94 80 38 78 30 46 66 28 83 46 89 40 92 26 47 27 68 45 34 29 18 76 26 14 29 66 53 32 64 35 57 36 52 44 22 21 11 49 17 24 96 39 20 65 3 93 6 93 31 3 15 28 24 46 94 83 96 99 71 30 53
57 4 18 0 94 16 57 54 39 1 33 67 88 2 63 28 41 66 22 35 21 14 73 54 89 61 66 66 78 98 100 27 88 82 47 95 1 38 67 7 16 84 47 13 46 77 97 69 81 91 65 97 41 77 62 42 65 6 15 18 10 52 26 88 67 16 48 23 26 11 92 85 99 3 63 74 74 18 78 37 70 55 79 35 63 93 56 30 42 20 86 58 37 45 52 0 25 41 60 62 32 76 89 72 83 22 46 64 74 11 25 14 51 96 38 12 85 99 2 16 57 63 41 8 50 40 17 11 2 84 55 55 36 0 19 49 16 16 60 72 4 35 4 97 6 94 54 75 30 66
5 13 16 40 54 59 16 83 23 96 87 67 67 80 53 64 41 92 77 16 88 14 69 50 88 39 52 61 28 18 53 72 69 92 43 57 18 87 92 91 99 76 5 16 40 29 46 2 81 47 51 99 30 68 100 96 38 18 82 15 60 30 59 25 46 70 30 55 80 51 31 10 35 85 44 66 54 74 99 56 10 88 77 17 62 62 74 92 61 55 12 52 71 62 55 31 90 87 71 18 59 4 75 13 31 3 28 17 52 40 91 58 94 1 37 4 60 44 49 58 69 39 55 41 60 46 71 91 21 34 62 14 63 26 58 69 34 56 30 51 83 26 54 98 13 20 85 40 90 90
89 54 67 44 80 50 29 40 6 78 95 62 55 43 92 30 24 81 13 18 80 90 47 44 41 34 13 56 0 6 2 55 17 20 25 65 96 12 92 93 82 2 53 98 58 86 83 79 93 98 60 24 95 8 78 20 47 39 28 70 96 40 9 9 8 23 94 66 13 65 2 51 57 93 97 43 23 7 19 50 77 87 66 82 54 92 5 45 64 30 40 0 81 65 11 77 84 17 66 13 34 12 46 37 4 83 21 70 20 89 11 28 96 72 47 3 7 36 44 34 65 34 93 61 64 68 21 95 86 34 99 18 82 40 94 3 14 65 5 14 21 54 98 59 25 93 20 77 80 11
47 97 71 10 41 11 39 38 97 91 49 70 10 60 44 64 21 40 19 87 57 19 91 50 7 19 77 87 54 56 4 31 42 6 78 60 45 65 96 78 59 91 66 67 45 59 70 75 47 79 85 16 90 26 49 5 41 9 27 7 4 66 69 14 54 6 38 4 86 24 39 91 11 86 45 49 2 96 23 3 63 12 66 61 6 32 97 16 50 42 22 95 72 30 89 8 19 7 52 51 64 85 85 51 63 66 24 97 23 2 41 57 33 77 39 92 37 60 2 46 25 22 9 75 28 23 49 81 29 35 69 59 70 88 84 62 81 43 30 0 39 27 8 93 92 78 95 66 35 56
97 2 98 12 94 31 18 69 3 46 67 61 31 12 99 7 64 2 70 20 100 0 26 33 4 40 26 81 9 93 51 94 98 17 3 76 94 64 87 48 86 61 23 50 73 94 36 31 35 88 47 85 74 0 98 26 70 18 73 69 41 100 86 96 64 9 72 93 57 73 18 84 15 74 33 85 21 6 97 3 12 100 65 56 2 30 77 11 67 14 90 13 26 67 44 8 25 18 22 4 28 57 39 87 42 70 82 52 92 68 74 46 49 9 69 42 84 83 26 1 46 44 6 22 27 27 5 24 22 79 91 98 50 47 34 26 8 6 90 86 9 12 72 27 56 77 13 2 21 95
16 47 61 15 23 74 57 21 78 38 46 28 28 96 24 85 13 15 93 48 14 1 30 15 5 69 65 83 74 17 83 90 28 99 16 95 66 44 2 25 85 40 90 48 65 63 82 23 82 79 74 47 89 66 69 25 39 39 43 36 85 32 47 49 87 32 8 6 51 56 9 55 71 68 97 20 92 29 73 61 9 99 94 69 11 37 0 86 81 46 7 79 19 6 80 77 0 73 55 69 80 0 39 83 75 100 61 14 93 81 12 98 96 13 20 81 11 98 69 38 95 28 69 27 88 19 15 91 5 78 90 91 85 86 40 24 20 60 76 79 79 88 30 18 44 35 25 0 93 14
21 58 6 31 54 64 100 46 3 72 79 85 63 30 25 0 4 43 69 58 14 33 51 72 41 27 99 52 19 99 36 98 13 56 67 46 6 39 53 26 16 14 55 78 51 14 82 21 17 38 69 47 65 15 65 0 21 49 21 25 89 70 74 32 57 75 0 82 33 76 21 85 77 43 93 94 48 67 16 22 9 45 22 72 10 42 88 53 99 38 43 28 73 81 1 86 48 15 3 71 57 36 45 66 15 75 14 16 65 85 1 86 89 31 81 91 3 6 15 30 70 29 74 54 87 76 45 61 22 24 10 69 51 28 42 41 50 96 26 8 13 96 69 68 73 45 76 53 11 48
50 44 32 60 58 100 44 31 27 98 14 43 73 50 60 35 68 15 95 70 64 5 24 57 88 71 62 44 60 32 66 59 20 44 43 41 32 97 58 93 16 75 96 3 24 40 93 95 17 85 0 47 66 73 47 77 98 10 6 5 61 1 36 74 62 50 2 98 6 32 22 8 2 53 30 93 7 78 26 21 30 65 77 36 61 9 33 34 91 66 0 96 85 32 18 98 87 67 89 47 50 32 42 79 0 96 98 12 9 42 69 13 98 50 60 43 85 16 23 88 67 12 63 14 92 16 72 46 81 7 28 41 33 82 55 67 84 13 67 100 41 50 71 35 31 26 0 96 49 18
83 1 92 68 37 77 1 32 91 22 23 6 53 85 5 95 74 14 51 36 51 9 4 12 27 31 62 99 74 51 79 42 75 1 4 4 80 53 91 71 19 94 75 0 68 55 58 4 84 80 23 30 7 97 74 97 50 19 23 27 20 18 79 3 50 65 79 27 75 36 71 16 3 19 45 92 66 93 25 73 81 96 100 0 41 50 92 74 62 34 1 99 83 96 20 30 49 99 49 5 91 95 100 34 89 53 67 33 55 70 59 53 1 90 34 24 64 79 57 5 31 13 54 37 27 57 99 38 21 57 85 46 80 84 93 65 0 39 66 94 28 4 49 36 25 37 19 93 26 54
42 41 79 84 33 18 76 22 64 98 11 41 96 91 14 42 98 89 70 26 92 94 45 61 15 41 54 95 42 67 59 37 41 56 54 29 43 19 16 14 24 64 26 60 35 41 52 81 64 87 78 30 57 4 1 33 34 61 98 13 49 26 98 69 25 21 90 59 27 100 18 98 1 20 74 76 21 97 15 30 11 15 54 100 33 18 79 51 15 100 58 27 17 24 94 14 25 67 99 98 89 58 40 35 48 27 90 86 85 50 30 95 26 79 4 24 78 60 37 20 46 49 100 7 99 31 84 35 61 59 11 58 86 5 15 33 13 24 38 16 0 52 92 72 50 30 87 65 49 3
0 10 39 36 24 42 82 49 1 44 2 81 7 75 23 57 72 37 98 56 54 20 42 26 4 94 63 19 73 21 87 48 2 49 88 8 94 37 19 29 53 87 8 19 82 75 83 66 84 61 56 28 41 77 6 0 77 52 56 54 97 51 92 24 53 91 21 81 33 55 5 41 5 97 38 11 91 79 20 12 52 28 64 93 51 53 83 10 21 25 22 5 49 80 54 58 43 80 70 84 99 36 93 8 56 76 25 77 32 7 36 32 81 83 33 57 72 61 44 82 56 81 61 85 75 93 52 58 16 4 18 83 2 85 39 92 27 45 31 24 93 99 82 16 23 10 75 55 46 89
29 92 87 83 33 0 0 83 21 62 68 79 76 94 31 28 9 3 33 86 100 9 73 59 47 36 29 54 52 28 34 86 46 86 83 42 16 15 56 24 84 23 3 4 92 11 5 30 87 66 2 52 76 48 64 96 54 61 37 0 21 84 30 11 29 98 99 47 32 14 27 93 39 50 21 7 31 33 61 83 51 39 37 41 83 30 48 12 91 90 75 47 37 62 45 76 87 96 80 24 54 23 59 68 15 93 43 30 26 50 56 28 83 80 74 10 22 75 79 9 30 62 75 64 48 34 8 16 31 59 37 62 76 89 26 73 80 66 26 92 74 56 58 82 75 100 87 92 79 23
13 77 56 82 50 97 94 87 43 2 76 93 89 36 55 3 7 42 10 47 96 29 63 51 7 59 2 6 68 1 72 62 17 13 52 84 36 68 17 67 70 27 97 3 64 81 76 28 62 38 65 83 47 45 89 93 61 61 43 11 2 27 12 25 49 22 31 63 75 77 92 34 13 86 13 64 97 92 97 92 99 69 54 98 80 6 10 74 61 2 65 34 79 55 87 20 35 24 94 34 50 96 93 27 81 79 82 7 66 92 53 24 98 65 46 37 4 66 75 4 47 6 64 28 28 48 78 31 92 71 87 79 20 19 85 71 21 10 26 98 25 4 90 76 5 59 7 79 13 52
34 1 100 6 41 86 79 21 92 70 70 17 26 20 81 82 65 73 42 32 47 91 28 56 75 68 81 45 59 94 41 59 60 93 57 9 63 8 56 87 17 83 96 40 44 67 15 91 64 1 15 98 12 76 97 80 74 56 44 54 21 93 69 1 4 8 1 82 84 49 78 34 88 38 28 86 32 20 83 78 74 68 53 60 69 97 62 15 14 54 46 46 14 15 56 29 48 9 89 81 35 85 57 49 16 26 23 12 90 65 78 59 10 47 90 60 25 10 36 68 76 68 94 41 9 97 19 64 30 56 87 59 34 80 87 9 59 72 45 43 40 35 17 2 3 84 0 33 85 15
86 23 93 7 40 57 82 61 28 43 58 56 35 38 33 27 55 100 94 98 82 70 76 87 35 26 39 43 41 68 10 71 15 84 34 12 1 55 65 56 56 73 68 81 25 61 63 56 20 95 62 63 14 43 54 19 67 36 52 69 50 31 87 43 98 100 80 62 44 93 26 63 50 65 82 45 77 3 72 40 54 45 14 42 50 49 4 23 84 65 97 43 40 13 44 13 48 16 39 95 10 41 8 27 92 74 75 53 74 58 9 2 88 86 96 49 83 83 29 28 54 15 0 92 3 7 45 72 99 62 26 30 41 55 11 80 49 65 57 44 40 16 72 77 49 100 83 6 86 91
14 31 1 57 67 92 79 6 41 72 50 28 33 42 6 14 21 58 100 61 91 13 90 87 36 13 6 70 64 15 25 18 58 93 11 58 98 13 64 95 53 8 77 20 52 85 90 70 94 20 47 72 49 45 59 16 92 45 37 5 78 78 23 83 89 32 74 8 15 6 73 43 91 29 76 96 76 12 53 67 30 71 46 91 71 98 22 66 57 61 71 12 4 99 29 50 11 50 39 12 21 26 42 28 72 14 40 31 70 93 88 80 88 99 12 65 94 39 59 45 23 6 80 86 16 80 42 97 38 12 27 51 22 98 97 68 6 74 75 98 82 91 43 0 19 48 32 76 27 48
55 73 75 20 72 76 94 96 89 19 4 15 87 75 85 13 49 27 16 33 47 54 71 23 84 89 73 97 69 50 10 6 33 44 3 42 98 96 65 71 34 30 46 1 98 64 3 47 97 82 69 0 27 99 45 41 51 20 71 18 55 14 94 14 38 77 16 7 5 58 16 55 48 59 29 20 76 48 76 54 51 15 97 73 13 73 33 67 84 66 77 9 9 4 68 99 6 67 73 96 83 8 34 63 10 70 1 79 17 71 84 72 52 46 64 9 96 13 91 33 15 11 17 56 76 69 41 3 14 17 95 25 11 63 64 54 6 87 11 99 75 44 63 16 7 52 49 80 9 18
63 51 60 96 25 59 29 56 100 97 79 51 64 78 98 4 65 37 18 67 98 94 87 100 73 50 31 50 46 17 93 19 10 41 39 62 85 7 74 71 68 82 0 38 50 4 3 76 21 99 33 33 61 13 20 21 100 53 60 7 77 58 73 67 46 33 20 33 48 69 23 92 79 45 98 99 99 18 5 42 22 62 54 57 75 8 57 34 66 19 22 0 17 63 87 4 79 29 96 58 75 13 84 73 21 22 73 38 3 91 10 20 8 23 95 55 26 68 68 58 57 65 58 10 97 68 77 43 68 4 0 18 43 97 54 8 47 56 53 80 21 60 61 38 27 72 18 7 71 13
31 52 98 56 43 34 80 68 2 21 99 65 48 15 48 25 85 14 15 96 36 99 84 5 68 23 44 27 52 71 100 7 78 60 30 44 22 31 45 66 11 9 18 94 50 46 42 25 46 75 40 61 1 12 20 87 79 64 41 92 45 41 72 40 17 38 95 90 94 23 25 85 5 61 100 74 63 73 19 6 44 75 9 97 33 56 97 32 8 88 32 36 14 2 58 58 53 16 71 90 40 56 81 84 18 93 68 42 79 35 37 98 16 95 85 99 98 36 37 63 94 1 50 57 8 4 74 44 68 18 10 97 69 46 96 25 39 38 7 75 65 91 86 47 70 64 27 68 23 1
6 84 30 85 97 72 100 75 97 35 15 38 20 31 20 22 69 83 93 51 56 21 96 74 84 4 53 35 50 47 74 19 97 40 57 38 11 95 27 25 5 8 83 72 26 81 80 67 5 55 74 4 47 41 23 42 87 88 63 90 68 62 91 23 99 49 6 11 23 98 22 77 28 60 30 7 90 45 74 99 56 2 1 85 87 6 91 0 36 31 21 29 75 94 55 36 88 3 34 4 81 26 100 15 48 85 30 41 4 53 66 95 34 87 78 97 26 17 85 17 76 39 66 98 20 93 73 57 90 3 90 42 62 65 12 4 30 96 26 55 47 89 29 46 44 25 90 22 19 22
50 53 40 79 42 83 13 76 1 17 17 25 9 97 71 95 50 14 51 20 65 97 34 86 78 47 16 9 93 34 45 4 78 0 45 92 14 87 21 23 37 91 20 34 44 0 93 0 32 88 75 93 40 75 14 55 26 31 18 15 19 60 95 78 98 78 7 30 20 57 3 94 55 19 17 42 31 12 51 32 0 47 84 86 32 15 53 97 36 1 93 0 54 37 91 30 53 58 21 56 67 50 7 53 43 43 22 1 30 60 76 87 31 87 61 67 90 48 20 14 48 96 99 83 70 49 14 19 36 19 99 45 26 98 29 58 88 16 62 99 97 74 81 98 17 7 87 80 76 92
12 89 83 41 41 77 70 69 39 48 56 18 90 12 55 26 99 40 49 95 98 100 15 98 75 14 11 4 59 79 91 67 23 57 97 84 14 57 87 29 68 12 15 44 93 66 30 42 31 20 44 91 78 5 24 23 80 6 30 55 7 0 65 51 34 53 99 98 17 85 18 66 36 91 100 86 89 63 93 66 82 2 30 16 70 53 51 3 25 66 54 83 94 71 34 92 47 34 89 85 38 0 63 39 94 68 99 70 64 77 64 42 76 49 15 90 59 55 60 62 86 48 87 60 6 37 43 66 2 55 49 60 27 66 39 6 56 68 87 78 87 28 11 3 22 5 90 65 100 23
